# Convergence Analysis with parameters:
#   scheme              : milstein
#   Final time T        : 3.000000
#   Number of particles : 10000
#
# dt                  Strong              Weak-($h(X)=X$)     Weak-($h(X)=X^2$)   

  0.000244            0.065264            0.010163            0.047656            
  0.000488            0.109780            0.031211            0.114985            
  0.000977            0.188765            0.065221            0.269258            
  0.001953            0.281531            0.132341            0.476077            
  0.003906            0.424590            0.233533            0.784033            

# Order j             0.568 +- 0.016      0.485 +- 0.128      0.684 +- 0.036      
# Factor K            9.632 +- 0.732      2.845 +- 1.790      33.789 +- 5.661     
  0.000366            0.090665            0.022626            0.097083            
  0.000610            0.130765            0.041863            0.160074            
  0.000855            0.160040            0.062473            0.218520            
  0.001099            0.190918            0.076303            0.276596            
  0.001343            0.222338            0.100226            0.341196            
  0.001587            0.236336            0.107032            0.355384            
  0.001832            0.256516            0.118781            0.395756            
  0.002076            0.287938            0.143553            0.469218            
  0.002320            0.306177            0.156066            0.504257            
  0.002564            0.330650            0.171450            0.562184            
  0.002809            0.339233            0.176148            0.597183            
  0.003052            0.362933            0.187547            0.623256            
  0.003297            0.386163            0.202390            0.677756            
  0.003542            0.397545            0.215238            0.712995            
  0.003788            0.415266            0.226943            0.753593            
  0.004032            0.429232            0.235191            0.779500            
  0.004274            0.439351            0.242862            0.801167            
  0.004518            0.459205            0.252529            0.857612            
  0.004762            0.474499            0.257224            0.870661            
  0.005008            0.483381            0.270847            0.891471            

# Order j             0.621 +- 0.007      0.803 +- 0.021      0.788 +- 0.015      
# Factor K            13.122 +- 0.520     19.527 +- 2.288     59.635 +- 5.030     
# Order j             0.575 +- 0.007      0.515 +- 0.048      0.707 +- 0.013      
# Factor K            10.065 +- 0.369     3.577 +- 0.936      37.721 +- 2.490     
# Order j             0.575 +- 0.007      0.515 +- 0.048      0.707 +- 0.013      
# Factor K            10.065 +- 0.369     3.577 +- 0.936      37.721 +- 2.490     
# Order j             0.621 +- 0.007      0.825 +- 0.021      0.792 +- 0.017      
# Factor K            13.163 +- 0.545     22.167 +- 2.598     61.439 +- 5.894     
  0.000366            0.089768            0.020121            0.080270            
  0.000610            0.128915            0.035887            0.160970            
  0.000855            0.165961            0.058124            0.225333            
  0.001099            0.195804            0.075372            0.273243            
  0.001343            0.222963            0.095054            0.336116            
  0.001587            0.245565            0.110247            0.381718            
  0.001832            0.275024            0.128113            0.432535            
  0.002076            0.288937            0.140197            0.476644            
  0.002320            0.318086            0.166503            0.540765            
  0.002564            0.342931            0.173195            0.603453            
  0.002809            0.352258            0.179565            0.625533            
  0.003052            0.369467            0.192067            0.632640            
  0.003297            0.393399            0.216539            0.708371            
  0.003542            0.398752            0.217989            0.711132            
  0.003788            0.412198            0.233980            0.755688            
  0.004032            0.436518            0.238741            0.813835            
  0.004274            0.452992            0.260635            0.843906            
  0.004518            0.455632            0.255657            0.843194            
  0.004762            0.470484            0.275460            0.890374            
  0.005008            0.478350            0.275090            0.880874            

# Order j             0.599 +- 0.011      0.833 +- 0.027      0.766 +- 0.024      
# Factor K            11.765 +- 0.766     23.861 +- 3.703     54.071 +- 7.307     
# Order j             0.612 +- 0.007      0.830 +- 0.017      0.781 +- 0.014      
# Factor K            12.574 +- 0.484     23.062 +- 2.271     58.277 +- 4.769     
  0.000366            0.089561            0.018272            0.089514            
  0.000610            0.128914            0.042662            0.174523            
  0.000855            0.161833            0.054563            0.226440            
  0.001099            0.194572            0.074740            0.277607            
  0.001343            0.209687            0.086672            0.306828            
  0.001587            0.241009            0.099190            0.371700            
  0.001832            0.264586            0.119599            0.419612            
  0.002076            0.287811            0.132351            0.467617            
  0.002320            0.303076            0.145230            0.503096            
  0.002564            0.321863            0.156532            0.527101            
  0.002809            0.351750            0.175414            0.593727            
  0.003052            0.365809            0.191466            0.639477            
  0.003297            0.373691            0.195849            0.639777            
  0.003542            0.399129            0.209005            0.709681            
  0.003788            0.416972            0.221097            0.733104            
  0.004032            0.418179            0.222964            0.758967            
  0.004274            0.435209            0.236150            0.792939            
  0.004518            0.458593            0.252655            0.841503            
  0.004762            0.477782            0.269853            0.894009            
  0.005008            0.498066            0.287707            0.926032            

# Order j             0.626 +- 0.009      0.881 +- 0.019      0.798 +- 0.013      
# Factor K            13.541 +- 0.662     29.966 +- 3.192     62.854 +- 4.574     
  0.000366            0.088183            0.022464            0.093436            
  0.000610            0.132071            0.040654            0.174813            
  0.000855            0.163972            0.054684            0.228858            
  0.001099            0.198476            0.081755            0.287740            
  0.001343            0.227587            0.101029            0.353139            
  0.001587            0.249817            0.111977            0.391170            
  0.001832            0.271094            0.124330            0.445907            
  0.002076            0.290585            0.137926            0.474064            
  0.002320            0.308021            0.147002            0.509711            
  0.002564            0.336401            0.170887            0.570229            
  0.002809            0.349349            0.180190            0.601342            
  0.003052            0.369967            0.193369            0.655914            
  0.003297            0.388213            0.211869            0.689930            
  0.003542            0.406200            0.217986            0.724243            
  0.003788            0.410390            0.222241            0.735301            
  0.004032            0.441786            0.241210            0.813523            
  0.004274            0.446012            0.242892            0.825229            
  0.004518            0.465218            0.256962            0.868527            
  0.004762            0.473339            0.268398            0.876583            
  0.005008            0.483187            0.270111            0.899042            

# Order j             0.605 +- 0.009      0.816 +- 0.023      0.759 +- 0.015      
# Factor K            12.167 +- 0.635     21.195 +- 2.725     51.846 +- 4.540     
  0.000366            0.089574            0.019798            0.091084            
  0.000610            0.129327            0.040401            0.151135            
  0.000855            0.166519            0.063649            0.233211            
  0.001099            0.194207            0.074099            0.285224            
  0.001343            0.220122            0.093299            0.330796            
  0.001587            0.236637            0.107863            0.370419            
  0.001832            0.259956            0.124956            0.423281            
  0.002076            0.282294            0.140655            0.458491            
  0.002320            0.310247            0.159378            0.515516            
  0.002564            0.323660            0.166003            0.543778            
  0.002809            0.347813            0.187206            0.590784            
  0.003052            0.369641            0.196672            0.636586            
  0.003297            0.384249            0.208192            0.689273            
  0.003542            0.392090            0.214721            0.699685            
  0.003788            0.403450            0.218156            0.729898            
  0.004032            0.424913            0.234798            0.763286            
  0.004274            0.443969            0.256394            0.802043            
  0.004518            0.456878            0.263533            0.834010            
  0.004762            0.462218            0.264655            0.849897            
  0.005008            0.484673            0.277248            0.887555            

# Order j             0.611 +- 0.008      0.829 +- 0.023      0.765 +- 0.015      
# Factor K            12.350 +- 0.580     22.999 +- 2.999     52.019 +- 4.404     
  0.000366            0.086865            0.019700            0.080470            
  0.000610            0.129353            0.040439            0.151851            
  0.000855            0.159716            0.057115            0.202864            
  0.001099            0.182478            0.069101            0.258642            
  0.001343            0.211287            0.087399            0.317206            
  0.001587            0.237133            0.102186            0.357767            
  0.001832            0.260503            0.110772            0.413345            
  0.002076            0.280433            0.129261            0.461898            
  0.002320            0.302489            0.148085            0.498362            
  0.002564            0.320102            0.158179            0.544942            
  0.002809            0.341752            0.175892            0.592656            
  0.003052            0.358716            0.190860            0.623984            
  0.003297            0.375844            0.205213            0.662966            
  0.003542            0.384723            0.207958            0.678906            
  0.003788            0.404290            0.220052            0.752059            
  0.004032            0.416245            0.226698            0.752763            
  0.004274            0.432956            0.234441            0.780972            
  0.004518            0.444769            0.252855            0.826122            
  0.004762            0.463771            0.270457            0.884300            
  0.005008            0.469547            0.267683            0.876392            

# Order j             0.613 +- 0.007      0.866 +- 0.022      0.798 +- 0.017      
# Factor K            12.316 +- 0.501     27.302 +- 3.393     62.198 +- 6.134     
  0.000366            0.086789            0.018270            0.076675            
  0.000610            0.132277            0.043463            0.157238            
  0.000855            0.168088            0.057682            0.229838            
  0.001099            0.198942            0.074970            0.285931            
  0.001343            0.220066            0.093692            0.329896            
  0.001587            0.245365            0.109423            0.382898            
  0.001832            0.265309            0.121104            0.417411            
  0.002076            0.289626            0.130085            0.459470            
  0.002320            0.302202            0.143843            0.500161            
  0.002564            0.331019            0.167569            0.543314            
  0.002809            0.343947            0.171762            0.579157            
  0.003052            0.366189            0.194724            0.615040            
  0.003297            0.382552            0.201234            0.666714            
  0.003542            0.397172            0.204200            0.701174            
  0.003788            0.414689            0.223070            0.732129            
  0.004032            0.424491            0.225196            0.750592            
  0.004274            0.448334            0.248847            0.787544            
  0.004518            0.456815            0.252945            0.837024            
  0.004762            0.469728            0.261729            0.857085            
  0.005008            0.480296            0.263316            0.884373            

# Order j             0.605 +- 0.007      0.828 +- 0.023      0.770 +- 0.014      
# Factor K            12.043 +- 0.505     22.197 +- 2.844     53.145 +- 4.110     
  0.000366            0.085468            0.025663            0.098103            
  0.000610            0.125543            0.041379            0.171280            
  0.000855            0.155357            0.057383            0.211863            
  0.001099            0.188476            0.075316            0.275670            
  0.001343            0.213503            0.089749            0.310890            
  0.001587            0.235758            0.106297            0.357658            
  0.001832            0.255327            0.120921            0.409738            
  0.002076            0.281225            0.132697            0.462269            
  0.002320            0.305766            0.157510            0.501896            
  0.002564            0.319104            0.163612            0.570409            
  0.002809            0.334955            0.181186            0.571805            
  0.003052            0.353392            0.194809            0.612070            
  0.003297            0.372590            0.199909            0.679073            
  0.003542            0.390047            0.216704            0.728239            
  0.003788            0.407510            0.228676            0.739246            
  0.004032            0.431775            0.237623            0.777612            
  0.004274            0.435414            0.247222            0.790457            
  0.004518            0.450601            0.254357            0.848254            
  0.004762            0.472071            0.278737            0.886338            
  0.005008            0.480236            0.276794            0.928793            

# Order j             0.632 +- 0.006      0.853 +- 0.018      0.807 +- 0.014      
# Factor K            13.796 +- 0.494     26.254 +- 2.648     66.611 +- 5.113     
  0.000366            0.093671            0.024052            0.105952            
  0.000610            0.131095            0.040574            0.169035            
  0.000855            0.167065            0.060868            0.233415            
  0.001099            0.192178            0.081525            0.283518            
  0.001343            0.226289            0.099299            0.356099            
  0.001587            0.246414            0.118090            0.399039            
  0.001832            0.268622            0.121308            0.442951            
  0.002076            0.293874            0.141306            0.499480            
  0.002320            0.311859            0.152597            0.529804            
  0.002564            0.335612            0.168731            0.570646            
  0.002809            0.346496            0.182692            0.615925            
  0.003052            0.369879            0.195868            0.649911            
  0.003297            0.388551            0.213494            0.697984            
  0.003542            0.399792            0.224135            0.710924            
  0.003788            0.415301            0.234033            0.751057            
  0.004032            0.431475            0.237979            0.806595            
  0.004274            0.458582            0.258831            0.846070            
  0.004518            0.464827            0.268454            0.881478            
  0.004762            0.472824            0.270495            0.858116            
  0.005008            0.502542            0.288089            0.982672            

# Order j             0.615 +- 0.007      0.837 +- 0.018      0.771 +- 0.018      
# Factor K            12.963 +- 0.515     24.640 +- 2.458     56.364 +- 5.602     
  0.000366            0.091138            0.014339            0.084438            
  0.000610            0.131451            0.038890            0.150995            
  0.000855            0.167129            0.059050            0.223125            
  0.001099            0.188887            0.068304            0.255429            
  0.001343            0.224090            0.089608            0.332417            
  0.001587            0.245236            0.107121            0.370527            
  0.001832            0.265852            0.120727            0.411254            
  0.002076            0.289488            0.131264            0.456258            
  0.002320            0.300237            0.145634            0.484391            
  0.002564            0.327690            0.157848            0.524894            
  0.002809            0.347076            0.174783            0.556304            
  0.003052            0.352166            0.182619            0.578496            
  0.003297            0.374477            0.204139            0.625637            
  0.003542            0.396108            0.219026            0.673943            
  0.003788            0.407199            0.218149            0.695403            
  0.004032            0.435398            0.236265            0.776248            
  0.004274            0.436792            0.239345            0.779152            
  0.004518            0.456674            0.255877            0.805301            
  0.004762            0.474733            0.264593            0.870788            
  0.005008            0.483856            0.273387            0.871702            

# Order j             0.610 +- 0.007      0.867 +- 0.021      0.791 +- 0.016      
# Factor K            12.322 +- 0.519     27.649 +- 3.325     58.396 +- 5.313     
  0.000366            0.094866            0.021314            0.094782            
  0.000610            0.127790            0.037056            0.154603            
  0.000855            0.157995            0.055629            0.217591            
  0.001099            0.192337            0.070148            0.269428            
  0.001343            0.217080            0.090765            0.322841            
  0.001587            0.237694            0.105713            0.361113            
  0.001832            0.263680            0.113166            0.415664            
  0.002076            0.284726            0.134960            0.452614            
  0.002320            0.305933            0.150322            0.504553            
  0.002564            0.330066            0.171309            0.549285            
  0.002809            0.342649            0.170931            0.600254            
  0.003052            0.371341            0.194469            0.652494            
  0.003297            0.378686            0.192642            0.662302            
  0.003542            0.392041            0.213080            0.684896            
  0.003788            0.407356            0.213483            0.747289            
  0.004032            0.433558            0.234930            0.791028            
  0.004274            0.442946            0.239576            0.806364            
  0.004518            0.456615            0.254575            0.844353            
  0.004762            0.469310            0.265408            0.881503            
  0.005008            0.484101            0.275655            0.903414            

# Order j             0.618 +- 0.007      0.858 +- 0.022      0.800 +- 0.013      
# Factor K            12.884 +- 0.504     26.390 +- 3.316     63.766 +- 4.786     
  0.000366            0.088784            0.016399            0.085367            
  0.000610            0.130173            0.040994            0.162066            
  0.000855            0.161269            0.054257            0.212148            
  0.001099            0.193682            0.071654            0.283205            
  0.001343            0.218915            0.093609            0.325736            
  0.001587            0.244309            0.105785            0.371570            
  0.001832            0.269377            0.125904            0.442366            
  0.002076            0.284762            0.130036            0.458303            
  0.002320            0.307291            0.139992            0.523850            
  0.002564            0.331619            0.158980            0.575102            
  0.002809            0.334505            0.168670            0.593382            
  0.003052            0.364088            0.184805            0.632043            
  0.003297            0.381266            0.195621            0.657088            
  0.003542            0.398563            0.209194            0.714947            
  0.003788            0.402331            0.222381            0.718053            
  0.004032            0.426767            0.222410            0.779954            
  0.004274            0.450638            0.247250            0.844845            
  0.004518            0.448820            0.241326            0.822758            
  0.004762            0.472264            0.262721            0.883547            
  0.005008            0.485789            0.271765            0.939842            

# Order j             0.612 +- 0.009      0.851 +- 0.021      0.791 +- 0.018      
# Factor K            12.504 +- 0.610     24.982 +- 3.014     61.433 +- 6.232     
  0.000366            0.090992            0.022985            0.091663            
  0.000610            0.132266            0.039930            0.165424            
  0.000855            0.168278            0.061116            0.231744            
  0.001099            0.187368            0.069479            0.285627            
  0.001343            0.219182            0.087535            0.327522            
  0.001587            0.246192            0.110492            0.386232            
  0.001832            0.260693            0.115483            0.416285            
  0.002076            0.276527            0.121604            0.434633            
  0.002320            0.305733            0.148435            0.502446            
  0.002564            0.322897            0.153476            0.548890            
  0.002809            0.345419            0.169406            0.591494            
  0.003052            0.363398            0.188653            0.634484            
  0.003297            0.379891            0.196264            0.678965            
  0.003542            0.386850            0.198634            0.700752            
  0.003788            0.404905            0.216614            0.728113            
  0.004032            0.426397            0.224566            0.771696            
  0.004274            0.439215            0.238778            0.822629            
  0.004518            0.460375            0.255612            0.850433            
  0.004762            0.467631            0.263586            0.875765            
  0.005008            0.484542            0.268149            0.921352            

# Order j             0.613 +- 0.006      0.858 +- 0.018      0.791 +- 0.011      
# Factor K            12.480 +- 0.462     25.875 +- 2.620     60.917 +- 3.930     
# Order j             0.614 +- 0.003      0.845 +- 0.007      0.784 +- 0.005      
# Factor K            12.629 +- 0.188     24.795 +- 0.944     58.619 +- 1.762     
# Order j             0.614 +- 0.003      0.845 +- 0.007      0.784 +- 0.005      
# Factor K            12.629 +- 0.188     24.795 +- 0.944     58.619 +- 1.762     

# Order j             0.614 +- 0.003      0.845 +- 0.007      0.784 +- 0.005      
# Factor K            12.629 +- 0.188     24.795 +- 0.944     58.619 +- 1.762     

  0.000366            0.001908            0.000123            0.000744            
  0.000610            0.003877            0.000194            0.002185            
  0.000855            0.005632            0.000373            0.002488            
  0.001099            0.007496            0.000463            0.003594            
  0.001343            0.009449            0.000487            0.005265            
  0.001587            0.011157            0.000662            0.005652            
  0.001832            0.013019            0.000808            0.006733            
  0.002076            0.014762            0.000916            0.006970            
  0.002320            0.016632            0.000936            0.008385            
  0.002564            0.018508            0.001042            0.009850            
  0.002809            0.020180            0.001186            0.009964            
  0.003052            0.022322            0.001092            0.012667            
  0.003297            0.023924            0.001197            0.012962            
  0.003542            0.025538            0.001367            0.012754            
  0.003788            0.027180            0.001559            0.012016            
  0.004032            0.029022            0.001704            0.012983            
  0.004274            0.031205            0.001638            0.016858            
  0.004518            0.032726            0.001600            0.017516            
  0.004762            0.034566            0.001700            0.018738            
  0.005008            0.036071            0.001807            0.018038            

# Order j             1.028 +- 0.008      0.897 +- 0.042      1.042 +- 0.057      
# Factor K            8.429 +- 0.361      0.216 +- 0.052      4.664 +- 1.483      

  0.000366            0.001892            0.000118            0.000740            
  0.000610            0.003843            0.000161            0.002180            
  0.000855            0.005573            0.000325            0.002437            
  0.001099            0.007417            0.000394            0.003557            
  0.001343            0.009354            0.000414            0.005220            
  0.001587            0.011041            0.000549            0.005649            
  0.001832            0.012926            0.000603            0.006733            
  0.002076            0.014645            0.000793            0.007045            
  0.002320            0.016572            0.000849            0.008365            
  0.002564            0.018425            0.000771            0.009853            
  0.002809            0.020113            0.000968            0.009909            
  0.003052            0.022217            0.000891            0.012697            
  0.003297            0.023768            0.000898            0.012801            
  0.003542            0.025512            0.001205            0.012770            
  0.003788            0.027106            0.001548            0.011994            
  0.004032            0.028905            0.001532            0.013025            
  0.004274            0.030986            0.001242            0.016855            
  0.004518            0.032692            0.001440            0.017540            
  0.004762            0.034603            0.001387            0.018918            
  0.005008            0.035810            0.001579            0.018043            

# Order j             1.031 +- 0.008      0.932 +- 0.080      1.048 +- 0.057      
# Factor K            8.562 +- 0.384      0.222 +- 0.100      4.835 +- 1.550      

  0.000366            0.001909            0.000121            0.000730            
  0.000610            0.003856            0.000180            0.002148            
  0.000855            0.005636            0.000357            0.002398            
  0.001099            0.007451            0.000450            0.003441            
  0.001343            0.009370            0.000470            0.005123            
  0.001587            0.011109            0.000639            0.005520            
  0.001832            0.012920            0.000699            0.006563            
  0.002076            0.014668            0.000860            0.006803            
  0.002320            0.016495            0.000897            0.008095            
  0.002564            0.018356            0.000910            0.009662            
  0.002809            0.020062            0.001164            0.009736            
  0.003052            0.022202            0.000951            0.012511            
  0.003297            0.023884            0.001170            0.012718            
  0.003542            0.025394            0.001391            0.012520            
  0.003788            0.027252            0.001745            0.011778            
  0.004032            0.028953            0.001820            0.012768            
  0.004274            0.030947            0.001435            0.016633            
  0.004518            0.032773            0.001514            0.017331            
  0.004762            0.034494            0.001798            0.018530            
  0.005008            0.036064            0.001978            0.017737            

# Order j             1.033 +- 0.007      0.994 +- 0.079      1.055 +- 0.059      
# Factor K            8.649 +- 0.325      0.370 +- 0.164      4.926 +- 1.624      

  0.000366            0.001916            0.000144            0.000745            
  0.000610            0.003876            0.000207            0.002182            
  0.000855            0.005638            0.000387            0.002460            
  0.001099            0.007478            0.000511            0.003554            
  0.001343            0.009399            0.000518            0.005216            
  0.001587            0.011153            0.000703            0.005685            
  0.001832            0.013030            0.000789            0.006736            
  0.002076            0.014720            0.000950            0.006981            
  0.002320            0.016571            0.001047            0.008333            
  0.002564            0.018566            0.001001            0.009893            
  0.002809            0.020316            0.001270            0.009949            
  0.003052            0.022347            0.001130            0.012711            
  0.003297            0.023932            0.001324            0.012930            
  0.003542            0.025681            0.001517            0.012851            
  0.003788            0.027393            0.001880            0.012023            
  0.004032            0.029027            0.001918            0.013005            
  0.004274            0.031224            0.001668            0.016944            
  0.004518            0.033084            0.001857            0.017682            
  0.004762            0.034890            0.001865            0.018862            
  0.005008            0.036102            0.001970            0.018162            

# Order j             1.033 +- 0.008      0.946 +- 0.059      1.051 +- 0.058      
# Factor K            8.726 +- 0.385      0.309 +- 0.102      4.922 +- 1.592      

  0.000366            0.001899            0.000131            0.000716            
  0.000610            0.003849            0.000187            0.002134            
  0.000855            0.005633            0.000352            0.002397            
  0.001099            0.007456            0.000457            0.003407            
  0.001343            0.009398            0.000514            0.005122            
  0.001587            0.011078            0.000585            0.005489            
  0.001832            0.012915            0.000654            0.006474            
  0.002076            0.014590            0.000842            0.006688            
  0.002320            0.016429            0.000918            0.008090            
  0.002564            0.018338            0.000927            0.009506            
  0.002809            0.020043            0.001208            0.009614            
  0.003052            0.022078            0.001016            0.012319            
  0.003297            0.023636            0.001319            0.012488            
  0.003542            0.025194            0.001496            0.012360            
  0.003788            0.026871            0.001702            0.011508            
  0.004032            0.028612            0.001892            0.012496            
  0.004274            0.030842            0.001659            0.016349            
  0.004518            0.032565            0.001722            0.017026            
  0.004762            0.034342            0.001822            0.018428            
  0.005008            0.035806            0.001844            0.017428            

# Order j             1.029 +- 0.007      1.004 +- 0.064      1.050 +- 0.060      
# Factor K            8.399 +- 0.346      0.406 +- 0.145      4.732 +- 1.603      

  0.000366            0.001921            0.000128            0.000756            
  0.000610            0.003907            0.000186            0.002211            
  0.000855            0.005704            0.000354            0.002523            
  0.001099            0.007573            0.000424            0.003607            
  0.001343            0.009578            0.000469            0.005325            
  0.001587            0.011267            0.000625            0.005715            
  0.001832            0.013137            0.000714            0.006785            
  0.002076            0.014886            0.000862            0.007042            
  0.002320            0.016766            0.000872            0.008411            
  0.002564            0.018570            0.000906            0.009878            
  0.002809            0.020412            0.001134            0.010024            
  0.003052            0.022536            0.001094            0.012780            
  0.003297            0.024206            0.001041            0.013018            
  0.003542            0.025776            0.001302            0.012949            
  0.003788            0.027577            0.001592            0.012179            
  0.004032            0.029306            0.001580            0.013219            
  0.004274            0.031404            0.001410            0.017140            
  0.004518            0.033202            0.001452            0.017782            
  0.004762            0.035001            0.001553            0.019048            
  0.005008            0.036453            0.001890            0.018248            

# Order j             1.030 +- 0.007      0.921 +- 0.060      1.050 +- 0.056      
# Factor K            8.628 +- 0.352      0.231 +- 0.079      4.938 +- 1.562      

  0.000366            0.001873            0.000117            0.000729            
  0.000610            0.003813            0.000157            0.002160            
  0.000855            0.005598            0.000335            0.002419            
  0.001099            0.007417            0.000419            0.003467            
  0.001343            0.009362            0.000421            0.005160            
  0.001587            0.011019            0.000548            0.005533            
  0.001832            0.012870            0.000634            0.006606            
  0.002076            0.014600            0.000836            0.006796            
  0.002320            0.016415            0.000856            0.008138            
  0.002564            0.018253            0.000857            0.009574            
  0.002809            0.019871            0.001119            0.009646            
  0.003052            0.021991            0.001012            0.012543            
  0.003297            0.023625            0.001152            0.012611            
  0.003542            0.025052            0.001357            0.012406            
  0.003788            0.026721            0.001598            0.011669            
  0.004032            0.028419            0.001753            0.012586            
  0.004274            0.030467            0.001409            0.016483            
  0.004518            0.032242            0.001734            0.017276            
  0.004762            0.033965            0.001595            0.018432            
  0.005008            0.035470            0.001958            0.017538            

# Order j             1.022 +- 0.008      1.042 +- 0.069      1.045 +- 0.060      
# Factor K            8.026 +- 0.356      0.472 +- 0.182      4.641 +- 1.572      

  0.000366            0.001930            0.000108            0.000730            
  0.000610            0.003917            0.000155            0.002162            
  0.000855            0.005708            0.000310            0.002432            
  0.001099            0.007555            0.000362            0.003469            
  0.001343            0.009561            0.000345            0.005218            
  0.001587            0.011267            0.000445            0.005576            
  0.001832            0.013124            0.000541            0.006597            
  0.002076            0.014854            0.000668            0.006816            
  0.002320            0.016773            0.000706            0.008179            
  0.002564            0.018671            0.000646            0.009625            
  0.002809            0.020340            0.000926            0.009682            
  0.003052            0.022481            0.000731            0.012453            
  0.003297            0.024107            0.000873            0.012679            
  0.003542            0.025658            0.001103            0.012506            
  0.003788            0.027482            0.001282            0.011680            
  0.004032            0.029204            0.001354            0.012696            
  0.004274            0.031350            0.001158            0.016607            
  0.004518            0.033087            0.001341            0.017149            
  0.004762            0.035058            0.001354            0.018579            
  0.005008            0.036365            0.001677            0.017606            

# Order j             1.029 +- 0.007      1.058 +- 0.074      1.045 +- 0.060      
# Factor K            8.568 +- 0.357      0.416 +- 0.174      4.658 +- 1.555      

  0.000366            0.001933            0.000149            0.000747            
  0.000610            0.003919            0.000216            0.002206            
  0.000855            0.005723            0.000419            0.002472            
  0.001099            0.007591            0.000534            0.003552            
  0.001343            0.009535            0.000570            0.005237            
  0.001587            0.011381            0.000731            0.005696            
  0.001832            0.013145            0.000838            0.006698            
  0.002076            0.014955            0.001048            0.006965            
  0.002320            0.016808            0.001102            0.008253            
  0.002564            0.018688            0.001196            0.009827            
  0.002809            0.020544            0.001405            0.009926            
  0.003052            0.022609            0.001330            0.012672            
  0.003297            0.024286            0.001421            0.012915            
  0.003542            0.025877            0.001725            0.012755            
  0.003788            0.027611            0.001941            0.012050            
  0.004032            0.029419            0.002220            0.013020            
  0.004274            0.031461            0.001850            0.016951            
  0.004518            0.033309            0.001983            0.017643            
  0.004762            0.035185            0.002177            0.018923            
  0.005008            0.036710            0.002236            0.017988            

# Order j             1.031 +- 0.007      0.977 +- 0.055      1.051 +- 0.058      
# Factor K            8.729 +- 0.342      0.411 +- 0.126      4.904 +- 1.592      

#  0.000366            0.001921            0.000130            0.000753            
#  0.000610            0.003873            0.000200            0.002197            
#  0.000855            0.005679            0.000334            0.002476            
#  0.001099            0.007551            0.000443            0.003568            
#  0.001343            0.009507            0.000419            0.005259            
#  0.001587            0.011215            0.000597            0.005654            
#  0.001832            0.013071            0.000759            0.006750            
#  0.002076            0.014872            0.000801            0.007041            
#  0.002320            0.016663            0.000912            0.008356            
#  0.002564            0.018601            0.000990            0.009879            
#  0.002809            0.020367            0.001176            0.009975            
#  0.003052            0.022485            0.000982            0.012686            
#  0.003297            0.024077            0.001181            0.012947            
#  0.003542            0.025776            0.001361            0.012791            
#  0.003788            0.027500            0.001621            0.011966            
#  0.004032            0.029225            0.001635            0.013125            
#  0.004274            0.031484            0.001515            0.016952            
#  0.004518            0.033090            0.001653            0.017562            
#  0.004762            0.035032            0.001784            0.018968            
#  0.005008            0.036489            0.001969            0.018188            

# Order j             1.034 +- 0.007      1.004 +- 0.049      1.050 +- 0.057      
# Factor K            8.805 +- 0.352      0.390 +- 0.108      4.896 +- 1.567      

# Order j             0.625 +- 0.083      0.841 +- 0.108      0.782 +- 0.102      
# Factor K            7.989 +- 3.810      13.758 +- 8.442     33.305 +- 19.224    

# Order j             0.623 +- 0.081      0.841 +- 0.105      0.782 +- 0.099      
# Factor K            8.250 +- 3.830      14.394 +- 8.567     34.760 +- 19.487    

# Order j             1.030 +- 0.003      0.972 +- 0.034      1.049 +- 0.019      
# Factor K            8.523 +- 0.155      0.323 +- 0.062      4.802 +- 0.507      

