# Convergence Analysis with parameters:
#   scheme              : euler
#   Final time T        : 1.000000
#   Number of particles : 10000
#
# NOTE: The most recent j and K data is on the bottom#
# dt                  Strong              Weak-($h(X)=X$)     Weak-($h(X)=X^2$)   
  0.000075            0.007504            0.000063            0.000156            
  0.000125            0.010540            0.000036            0.000423            
  0.000175            0.012972            0.000084            0.000112            
  0.000225            0.014916            0.000035            0.000368            
  0.000275            0.016862            0.000055            0.000411            
  0.000325            0.018365            0.000125            0.000813            
  0.000375            0.019958            0.000094            0.000730            
  0.000425            0.021365            0.000143            0.001261            
  0.000475            0.022778            0.000180            0.000509            
  0.000525            0.024067            0.000062            0.001132            
  0.000575            0.025087            0.000117            0.000397            
  0.000625            0.026592            0.000414            0.002127            
  0.000675            0.027368            0.000140            0.000948            
  0.000725            0.028309            0.000342            0.001048            
  0.000775            0.029549            0.000384            0.001312            
  0.000825            0.030655            0.000518            0.000693            
  0.000876            0.031512            0.000502            0.002250            
  0.000925            0.032492            0.000557            0.000956            
  0.000976            0.033516            0.000149            0.002141            
  0.001026            0.034357            0.000582            0.002293            

# Order j             0.553 +- 0.004      1.463 +- 0.368      1.015 +- 0.285      
# Factor K            1.549 +- 0.049      12.171 +- 31.900    2.022 +- 4.148      

  0.000075            0.007453            0.000054            0.000043            
  0.000125            0.010429            0.000061            0.000264            
  0.000175            0.012725            0.000086            0.000119            
  0.000225            0.014841            0.000123            0.000285            
  0.000275            0.016571            0.000199            0.000393            
  0.000325            0.018132            0.000182            0.000831            
  0.000375            0.019638            0.000284            0.000675            
  0.000425            0.021120            0.000250            0.001000            
  0.000475            0.022527            0.000552            0.000610            
  0.000525            0.023625            0.000488            0.001442            
  0.000575            0.025054            0.000367            0.000467            
  0.000625            0.026021            0.000436            0.002301            
  0.000675            0.027272            0.000250            0.001051            
  0.000725            0.028229            0.000359            0.001101            
  0.000775            0.028933            0.000685            0.001315            
  0.000825            0.030231            0.000555            0.001088            
  0.000876            0.030738            0.000637            0.002462            
  0.000925            0.031764            0.000960            0.000898            
  0.000976            0.032744            0.000727            0.002223            
  0.001026            0.033777            0.000660            0.002228            

# Order j             0.547 +- 0.005      1.089 +- 0.188      1.062 +- 0.279      
# Factor K            1.464 +- 0.057      1.379 +- 1.863      2.989 +- 5.997      

  0.000075            0.007518            0.000038            0.000166            
  0.000125            0.010523            0.000131            0.000622            
  0.000175            0.012959            0.000050            0.000437            
  0.000225            0.014997            0.000189            0.000478            
  0.000275            0.016917            0.000289            0.000479            
  0.000325            0.018472            0.000048            0.001008            
  0.000375            0.019852            0.000120            0.000997            
  0.000425            0.021493            0.000088            0.001296            
  0.000475            0.022680            0.000451            0.000711            
  0.000525            0.024002            0.000403            0.001594            
  0.000575            0.025304            0.000608            0.000783            
  0.000625            0.026566            0.001018            0.002655            
  0.000675            0.027386            0.000652            0.001568            
  0.000725            0.028342            0.000529            0.001046            
  0.000775            0.029288            0.000618            0.001097            
  0.000825            0.030589            0.000764            0.001154            
  0.000876            0.031245            0.000590            0.002351            
  0.000925            0.032546            0.001213            0.001017            
  0.000976            0.033335            0.000677            0.002462            
  0.001026            0.034006            0.000566            0.001894            

# Order j             0.547 +- 0.005      1.047 +- 0.276      0.713 +- 0.216      
# Factor K            1.485 +- 0.057      1.174 +- 2.332      0.260 +- 0.410      

  0.000075            0.007453            0.000032            0.000050            
  0.000125            0.010573            0.000110            0.000374            
  0.000175            0.012990            0.000103            0.000104            
  0.000225            0.015130            0.000144            0.000097            
  0.000275            0.016858            0.000155            0.000330            
  0.000325            0.018444            0.000152            0.000740            
  0.000375            0.019875            0.000194            0.000861            
  0.000425            0.021435            0.000081            0.001195            
  0.000475            0.022604            0.000101            0.000669            
  0.000525            0.023842            0.000189            0.001196            
  0.000575            0.025138            0.000384            0.000924            
  0.000625            0.026348            0.000375            0.002144            
  0.000675            0.027379            0.000357            0.001022            
  0.000725            0.028225            0.000583            0.001115            
  0.000775            0.029403            0.000596            0.001214            
  0.000825            0.030287            0.000601            0.000702            
  0.000876            0.031338            0.000732            0.002054            
  0.000925            0.032311            0.000740            0.001268            
  0.000976            0.033448            0.000731            0.002215            
  0.001026            0.033860            0.000521            0.002240            

# Order j             0.546 +- 0.005      1.401 +- 0.205      1.028 +- 0.240      
# Factor K            1.468 +- 0.053      11.640 +- 16.970    2.309 +- 3.987      

  0.000075            0.007498            0.000015            0.000068            
  0.000125            0.010691            0.000096            0.000367            
  0.000175            0.013002            0.000139            0.000176            
  0.000225            0.015038            0.000046            0.000326            
  0.000275            0.016894            0.000104            0.000137            
  0.000325            0.018455            0.000355            0.000836            
  0.000375            0.020050            0.000174            0.000568            
  0.000425            0.021595            0.000442            0.001087            
  0.000475            0.022717            0.000184            0.000404            
  0.000525            0.023865            0.000120            0.001041            
  0.000575            0.025029            0.000451            0.000641            
  0.000625            0.026464            0.000664            0.002444            
  0.000675            0.027522            0.000503            0.001263            
  0.000725            0.028754            0.000400            0.001075            
  0.000775            0.029684            0.000199            0.000867            
  0.000825            0.030599            0.000305            0.000647            
  0.000876            0.031663            0.000668            0.002433            
  0.000925            0.032352            0.000237            0.000975            
  0.000976            0.033534            0.000777            0.002396            
  0.001026            0.034437            0.000545            0.002706            

# Order j             0.551 +- 0.004      0.858 +- 0.283      1.258 +- 0.369      
# Factor K            1.530 +- 0.049      0.207 +- 0.424      12.207 +- 32.171    

  0.000075            0.007420            0.000064            0.000015            
  0.000125            0.010633            0.000043            0.000234            
  0.000175            0.012927            0.000031            0.000024            
  0.000225            0.014959            0.000127            0.000273            
  0.000275            0.016815            0.000075            0.000369            
  0.000325            0.018241            0.000184            0.000822            
  0.000375            0.019600            0.000116            0.000621            
  0.000425            0.021123            0.000213            0.001185            
  0.000475            0.022697            0.000403            0.000603            
  0.000525            0.023573            0.000191            0.001163            
  0.000575            0.024900            0.000249            0.000290            
  0.000625            0.026140            0.000434            0.002108            
  0.000675            0.027009            0.000398            0.001285            
  0.000725            0.028097            0.000272            0.000738            
  0.000775            0.028829            0.000141            0.001155            
  0.000825            0.030880            0.000450            0.000968            
  0.000876            0.031049            0.000218            0.002400            
  0.000925            0.032056            0.000358            0.001040            
  0.000976            0.032895            0.000728            0.001911            
  0.001026            0.033797            0.000657            0.002081            

# Order j             0.546 +- 0.006      1.176 +- 0.299      1.063 +- 0.291      
# Factor K            1.462 +- 0.062      1.745 +- 3.733      2.792 +- 5.835      

  0.000075            0.007484            0.000080            0.000114            
  0.000125            0.010580            0.000119            0.000242            
  0.000175            0.013004            0.000159            0.000035            
  0.000225            0.015056            0.000271            0.000057            
  0.000275            0.016804            0.000204            0.000338            
  0.000325            0.018341            0.000242            0.000786            
  0.000375            0.019943            0.000308            0.000567            
  0.000425            0.021411            0.000350            0.000881            
  0.000475            0.022712            0.000500            0.000497            
  0.000525            0.023823            0.000186            0.000920            
  0.000575            0.024961            0.000429            0.000634            
  0.000625            0.026053            0.000593            0.002150            
  0.000675            0.027406            0.000739            0.000998            
  0.000725            0.028328            0.000454            0.000899            
  0.000775            0.029225            0.000573            0.000771            
  0.000825            0.030012            0.000656            0.000455            
  0.000876            0.031044            0.000660            0.002069            
  0.000925            0.032102            0.000808            0.000694            
  0.000976            0.033027            0.001011            0.001728            
  0.001026            0.033830            0.000839            0.001716            

# Order j             0.542 +- 0.005      1.060 +- 0.140      0.961 +- 0.324      
# Factor K            1.415 +- 0.053      1.287 +- 1.297      1.138 +- 2.658      

  0.000075            0.007498            0.000058            0.000041            
  0.000125            0.010671            0.000057            0.000366            
  0.000175            0.013097            0.000176            0.000133            
  0.000225            0.014993            0.000256            0.000222            
  0.000275            0.016804            0.000236            0.000295            
  0.000325            0.018508            0.000346            0.000899            
  0.000375            0.019964            0.000613            0.000835            
  0.000425            0.021250            0.000556            0.001219            
  0.000475            0.022662            0.000611            0.000650            
  0.000525            0.023875            0.000624            0.001224            
  0.000575            0.025196            0.000701            0.000701            
  0.000625            0.026203            0.000893            0.002261            
  0.000675            0.027538            0.001120            0.001308            
  0.000725            0.028420            0.000657            0.000929            
  0.000775            0.029091            0.000868            0.000954            
  0.000825            0.030704            0.001012            0.001030            
  0.000876            0.031476            0.000899            0.002364            
  0.000925            0.032358            0.001139            0.001085            
  0.000976            0.033412            0.000665            0.002010            
  0.001026            0.034519            0.001424            0.002076            

# Order j             0.550 +- 0.004      0.912 +- 0.148      0.942 +- 0.249      
# Factor K            1.521 +- 0.049      0.619 +- 0.663      1.227 +- 2.204      

  0.000075            0.007452            0.000014            0.000046            
  0.000125            0.010594            0.000040            0.000412            
  0.000175            0.012983            0.000070            0.000254            
  0.000225            0.015011            0.000306            0.000333            
  0.000275            0.016774            0.000051            0.000278            
  0.000325            0.018410            0.000222            0.000797            
  0.000375            0.019880            0.000194            0.000654            
  0.000425            0.021462            0.000403            0.001098            
  0.000475            0.022618            0.000373            0.000376            
  0.000525            0.023894            0.000500            0.001250            
  0.000575            0.025244            0.000472            0.000441            
  0.000625            0.026013            0.000672            0.002218            
  0.000675            0.027151            0.000939            0.001180            
  0.000725            0.028185            0.000472            0.000731            
  0.000775            0.029289            0.000565            0.001051            
  0.000825            0.030609            0.000780            0.000801            
  0.000876            0.031489            0.000658            0.002491            
  0.000925            0.032264            0.000788            0.000803            
  0.000976            0.033060            0.000815            0.002171            
  0.001026            0.033851            0.000615            0.001867            

# Order j             0.546 +- 0.005      0.961 +- 0.177      0.982 +- 0.317      
# Factor K            1.465 +- 0.055      0.621 +- 0.790      1.536 +- 3.503      

  0.000075            0.007469            0.000138            0.000076            
  0.000125            0.010457            0.000103            0.000264            
  0.000175            0.012954            0.000089            0.000263            
  0.000225            0.014943            0.000065            0.000464            
  0.000275            0.016733            0.000097            0.000352            
  0.000325            0.018245            0.000178            0.001090            
  0.000375            0.019743            0.000178            0.000714            
  0.000425            0.021156            0.000235            0.001368            
  0.000475            0.022493            0.000116            0.000654            
  0.000525            0.023544            0.000036            0.001145            
  0.000575            0.024757            0.000023            0.000566            
  0.000625            0.026192            0.000332            0.002355            
  0.000675            0.027010            0.000135            0.001363            
  0.000725            0.028053            0.000178            0.000995            
  0.000775            0.029271            0.000203            0.001211            
  0.000825            0.030090            0.000340            0.000850            
  0.000876            0.031377            0.000149            0.002528            
  0.000925            0.032275            0.000384            0.000970            
  0.000976            0.033153            0.000216            0.002351            
  0.001026            0.034180            0.000312            0.002444            

# Order j             0.552 +- 0.004      0.634 +- 0.245      0.976 +- 0.277      
# Factor K            1.527 +- 0.044      0.021 +- 0.037      1.673 +- 3.341      

# Order j             0.548 +- 0.002      1.042 +- 0.102      0.988 +- 0.087      
# Factor K            1.487 +- 0.019      0.925 +- 0.680      1.701 +- 1.066      

