# Convergence Analysis with parameters:
#   scheme              : milstein
#   Final time T        : 1.000000
#   Number of particles : 10000
#
# NOTE: The most recent j and K data is on the bottom#
# dt                  Strong              Weak-($h(X)=X$)     Weak-($h(X)=X^2$)   
  0.000075            0.000330            0.000058            0.000194            
  0.000125            0.000592            0.000120            0.000230            
  0.000175            0.000922            0.000166            0.000534            
  0.000225            0.001218            0.000225            0.000666            
  0.000275            0.001515            0.000291            0.000848            
  0.000325            0.001839            0.000372            0.000819            
  0.000375            0.002121            0.000414            0.001058            
  0.000425            0.002444            0.000496            0.001075            
  0.000475            0.002708            0.000517            0.001568            
  0.000525            0.003017            0.000604            0.001439            
  0.000575            0.003311            0.000621            0.001996            
  0.000625            0.003461            0.000714            0.001386            
  0.000675            0.003902            0.000764            0.002091            
  0.000725            0.004197            0.000801            0.002391            
  0.000775            0.004501            0.000847            0.002543            
  0.000825            0.004788            0.000892            0.002885            
  0.000876            0.005129            0.001018            0.002341            
  0.000925            0.005424            0.001011            0.003298            
  0.000976            0.005719            0.001141            0.002866            
  0.001026            0.005985            0.001165            0.003028            

# Order j             1.048 +- 0.008      1.042 +- 0.022      1.080 +- 0.087      
# Factor K            8.179 +- 0.489      1.521 +- 0.244      5.438 +- 3.406      

  0.000075            0.000328            0.000053            0.000194            
  0.000125            0.000591            0.000113            0.000230            
  0.000175            0.000923            0.000167            0.000540            
  0.000225            0.001224            0.000225            0.000677            
  0.000275            0.001529            0.000287            0.000860            
  0.000325            0.001842            0.000369            0.000821            
  0.000375            0.002132            0.000411            0.001060            
  0.000425            0.002445            0.000498            0.001081            
  0.000475            0.002717            0.000504            0.001578            
  0.000525            0.003041            0.000605            0.001459            
  0.000575            0.003324            0.000585            0.002005            
  0.000625            0.003474            0.000714            0.001385            
  0.000675            0.003925            0.000748            0.002102            
  0.000725            0.004227            0.000806            0.002389            
  0.000775            0.004516            0.000868            0.002555            
  0.000825            0.004829            0.000869            0.002895            
  0.000876            0.005151            0.001015            0.002347            
  0.000925            0.005442            0.000993            0.003300            
  0.000976            0.005725            0.001123            0.002855            
  0.001026            0.006019            0.001166            0.003041            

# Order j             1.048 +- 0.008      1.047 +- 0.028      1.074 +- 0.087      
# Factor K            8.204 +- 0.500      1.559 +- 0.309      5.214 +- 3.266      

  0.000075            0.000326            0.000056            0.000189            
  0.000125            0.000589            0.000118            0.000219            
  0.000175            0.000916            0.000164            0.000526            
  0.000225            0.001213            0.000234            0.000649            
  0.000275            0.001512            0.000288            0.000827            
  0.000325            0.001837            0.000360            0.000790            
  0.000375            0.002112            0.000407            0.001022            
  0.000425            0.002436            0.000480            0.001037            
  0.000475            0.002698            0.000495            0.001519            
  0.000525            0.003006            0.000584            0.001393            
  0.000575            0.003282            0.000605            0.001938            
  0.000625            0.003442            0.000703            0.001326            
  0.000675            0.003880            0.000762            0.002012            
  0.000725            0.004178            0.000794            0.002313            
  0.000775            0.004456            0.000870            0.002451            
  0.000825            0.004754            0.000891            0.002819            
  0.000876            0.005096            0.001018            0.002247            
  0.000925            0.005369            0.001002            0.003216            
  0.000976            0.005676            0.001113            0.002765            
  0.001026            0.005963            0.001173            0.002943            

# Order j             1.046 +- 0.008      1.059 +- 0.020      1.082 +- 0.091      
# Factor K            7.983 +- 0.480      1.704 +- 0.248      5.340 +- 3.474      

  0.000075            0.000330            0.000061            0.000195            
  0.000125            0.000598            0.000127            0.000233            
  0.000175            0.000932            0.000191            0.000538            
  0.000225            0.001230            0.000253            0.000673            
  0.000275            0.001530            0.000317            0.000858            
  0.000325            0.001856            0.000407            0.000820            
  0.000375            0.002135            0.000465            0.001068            
  0.000425            0.002461            0.000548            0.001078            
  0.000475            0.002722            0.000575            0.001571            
  0.000525            0.003048            0.000656            0.001458            
  0.000575            0.003343            0.000699            0.002007            
  0.000625            0.003482            0.000786            0.001395            
  0.000675            0.003937            0.000833            0.002102            
  0.000725            0.004253            0.000885            0.002397            
  0.000775            0.004553            0.000929            0.002555            
  0.000825            0.004839            0.000993            0.002898            
  0.000876            0.005211            0.001125            0.002371            
  0.000925            0.005435            0.001095            0.003295            
  0.000976            0.005774            0.001224            0.002870            
  0.001026            0.006063            0.001278            0.003084            

# Order j             1.050 +- 0.009      1.026 +- 0.021      1.082 +- 0.085      
# Factor K            8.385 +- 0.534      1.488 +- 0.223      5.545 +- 3.389      

  0.000075            0.000329            0.000066            0.000193            
  0.000125            0.000594            0.000136            0.000228            
  0.000175            0.000932            0.000200            0.000536            
  0.000225            0.001230            0.000268            0.000665            
  0.000275            0.001522            0.000326            0.000847            
  0.000325            0.001849            0.000423            0.000808            
  0.000375            0.002125            0.000479            0.001050            
  0.000425            0.002457            0.000573            0.001073            
  0.000475            0.002710            0.000593            0.001557            
  0.000525            0.003049            0.000715            0.001436            
  0.000575            0.003335            0.000720            0.001997            
  0.000625            0.003483            0.000825            0.001361            
  0.000675            0.003939            0.000900            0.002080            
  0.000725            0.004216            0.000937            0.002368            
  0.000775            0.004530            0.001005            0.002523            
  0.000825            0.004827            0.001034            0.002890            
  0.000876            0.005178            0.001201            0.002330            
  0.000925            0.005434            0.001180            0.003279            
  0.000976            0.005743            0.001304            0.002848            
  0.001026            0.006029            0.001356            0.003040            

# Order j             1.048 +- 0.008      1.044 +- 0.022      1.083 +- 0.088      
# Factor K            8.226 +- 0.500      1.793 +- 0.288      5.549 +- 3.516      

# Order j             1.047 +- 0.004      1.043 +- 0.023      1.079 +- 0.038      
# Factor K            8.161 +- 0.238      1.600 +- 0.266      5.388 +- 1.464      

  0.000075            0.000333            0.000067            0.000194            
  0.000125            0.000603            0.000136            0.000229            
  0.000175            0.000935            0.000200            0.000539            
  0.000225            0.001241            0.000278            0.000671            
  0.000275            0.001545            0.000340            0.000859            
  0.000325            0.001872            0.000443            0.000820            
  0.000375            0.002158            0.000496            0.001054            
  0.000425            0.002481            0.000575            0.001074            
  0.000475            0.002743            0.000602            0.001571            
  0.000525            0.003077            0.000709            0.001448            
  0.000575            0.003345            0.000719            0.001999            
  0.000625            0.003495            0.000829            0.001369            
  0.000675            0.003953            0.000880            0.002093            
  0.000725            0.004256            0.000941            0.002393            
  0.000775            0.004557            0.000997            0.002561            
  0.000825            0.004873            0.001065            0.002922            
  0.000876            0.005214            0.001219            0.002326            
  0.000925            0.005444            0.001171            0.003299            
  0.000976            0.005791            0.001332            0.002867            
  0.001026            0.006104            0.001419            0.003042            

# Order j             1.047 +- 0.009      1.056 +- 0.026      1.080 +- 0.090      
# Factor K            8.213 +- 0.530      1.976 +- 0.364      5.458 +- 3.516      

  0.000075            0.000328            0.000062            0.000191            
  0.000125            0.000590            0.000126            0.000227            
  0.000175            0.000925            0.000181            0.000536            
  0.000225            0.001223            0.000247            0.000662            
  0.000275            0.001519            0.000315            0.000846            
  0.000325            0.001844            0.000399            0.000806            
  0.000375            0.002118            0.000445            0.001046            
  0.000425            0.002439            0.000531            0.001056            
  0.000475            0.002714            0.000557            0.001546            
  0.000525            0.003025            0.000636            0.001418            
  0.000575            0.003297            0.000650            0.001966            
  0.000625            0.003440            0.000758            0.001359            
  0.000675            0.003887            0.000799            0.002054            
  0.000725            0.004196            0.000846            0.002354            
  0.000775            0.004479            0.000908            0.002512            
  0.000825            0.004794            0.000954            0.002852            
  0.000876            0.005147            0.001089            0.002313            
  0.000925            0.005421            0.001086            0.003244            
  0.000976            0.005712            0.001227            0.002822            
  0.001026            0.005987            0.001254            0.003005            

# Order j             1.049 +- 0.009      1.049 +- 0.023      1.080 +- 0.087      
# Factor K            8.197 +- 0.535      1.705 +- 0.279      5.390 +- 3.378      

  0.000075            0.000329            0.000063            0.000191            
  0.000125            0.000597            0.000132            0.000229            
  0.000175            0.000923            0.000187            0.000530            
  0.000225            0.001224            0.000258            0.000657            
  0.000275            0.001534            0.000318            0.000844            
  0.000325            0.001844            0.000402            0.000799            
  0.000375            0.002126            0.000454            0.001047            
  0.000425            0.002463            0.000540            0.001064            
  0.000475            0.002733            0.000566            0.001552            
  0.000525            0.003049            0.000665            0.001427            
  0.000575            0.003307            0.000669            0.001966            
  0.000625            0.003475            0.000762            0.001356            
  0.000675            0.003920            0.000822            0.002072            
  0.000725            0.004225            0.000884            0.002352            
  0.000775            0.004502            0.000951            0.002520            
  0.000825            0.004838            0.000973            0.002861            
  0.000876            0.005170            0.001129            0.002321            
  0.000925            0.005447            0.001100            0.003262            
  0.000976            0.005719            0.001219            0.002814            
  0.001026            0.006034            0.001273            0.002995            

# Order j             1.048 +- 0.009      1.036 +- 0.021      1.080 +- 0.088      
# Factor K            8.197 +- 0.513      1.591 +- 0.245      5.371 +- 3.403      

  0.000075            0.000328            0.000063            0.000192            
  0.000125            0.000594            0.000132            0.000225            
  0.000175            0.000926            0.000195            0.000530            
  0.000225            0.001222            0.000256            0.000659            
  0.000275            0.001526            0.000320            0.000846            
  0.000325            0.001848            0.000410            0.000794            
  0.000375            0.002136            0.000471            0.001044            
  0.000425            0.002444            0.000557            0.001055            
  0.000475            0.002712            0.000578            0.001549            
  0.000525            0.003036            0.000667            0.001419            
  0.000575            0.003312            0.000696            0.001959            
  0.000625            0.003460            0.000777            0.001349            
  0.000675            0.003883            0.000829            0.002034            
  0.000725            0.004196            0.000890            0.002348            
  0.000775            0.004491            0.000934            0.002499            
  0.000825            0.004812            0.001006            0.002862            
  0.000876            0.005136            0.001157            0.002299            
  0.000925            0.005369            0.001106            0.003236            
  0.000976            0.005711            0.001236            0.002807            
  0.001026            0.005984            0.001301            0.002993            

# Order j             1.043 +- 0.009      1.034 +- 0.024      1.080 +- 0.089      
# Factor K            7.872 +- 0.497      1.584 +- 0.268      5.372 +- 3.417      

  0.000075            0.000330            0.000064            0.000192            
  0.000125            0.000596            0.000132            0.000230            
  0.000175            0.000932            0.000193            0.000531            
  0.000225            0.001233            0.000256            0.000661            
  0.000275            0.001531            0.000323            0.000843            
  0.000325            0.001852            0.000415            0.000800            
  0.000375            0.002140            0.000463            0.001042            
  0.000425            0.002450            0.000557            0.001051            
  0.000475            0.002727            0.000586            0.001538            
  0.000525            0.003032            0.000675            0.001405            
  0.000575            0.003307            0.000694            0.001964            
  0.000625            0.003449            0.000787            0.001343            
  0.000675            0.003905            0.000832            0.002042            
  0.000725            0.004187            0.000900            0.002345            
  0.000775            0.004491            0.000978            0.002502            
  0.000825            0.004790            0.001028            0.002840            
  0.000876            0.005169            0.001154            0.002301            
  0.000925            0.005393            0.001122            0.003232            
  0.000976            0.005717            0.001261            0.002798            
  0.001026            0.006019            0.001335            0.002969            

# Order j             1.044 +- 0.009      1.050 +- 0.021      1.077 +- 0.089      
# Factor K            7.978 +- 0.530      1.810 +- 0.271      5.223 +- 3.325      

  0.000075            0.000330            0.000063            0.000193            
  0.000125            0.000597            0.000127            0.000231            
  0.000175            0.000936            0.000186            0.000541            
  0.000225            0.001235            0.000259            0.000669            
  0.000275            0.001543            0.000312            0.000854            
  0.000325            0.001865            0.000395            0.000811            
  0.000375            0.002159            0.000454            0.001059            
  0.000425            0.002478            0.000552            0.001069            
  0.000475            0.002749            0.000575            0.001578            
  0.000525            0.003076            0.000659            0.001435            
  0.000575            0.003356            0.000672            0.001987            
  0.000625            0.003483            0.000742            0.001361            
  0.000675            0.003960            0.000830            0.002071            
  0.000725            0.004255            0.000867            0.002365            
  0.000775            0.004515            0.000938            0.002524            
  0.000825            0.004856            0.000977            0.002878            
  0.000876            0.005203            0.001113            0.002318            
  0.000925            0.005479            0.001093            0.003276            
  0.000976            0.005768            0.001191            0.002824            
  0.001026            0.006097            0.001267            0.003030            

# Order j             1.047 +- 0.010      1.027 +- 0.021      1.075 +- 0.089      
# Factor K            8.201 +- 0.561      1.472 +- 0.219      5.217 +- 3.320      

# Order j             1.046 +- 0.003      1.042 +- 0.014      1.079 +- 0.025      
# Factor K            8.115 +- 0.165      1.644 +- 0.162      5.344 +- 0.976      

# Order j             1.046 +- 0.003      1.042 +- 0.014      1.079 +- 0.025      
# Factor K            8.115 +- 0.165      1.644 +- 0.162      5.344 +- 0.976      

# Order j             1.046 +- 0.003      1.042 +- 0.014      1.079 +- 0.025      
# Factor K            8.115 +- 0.165      1.644 +- 0.162      5.344 +- 0.976      

# Order j             1.046 +- 0.003      1.042 +- 0.014      1.079 +- 0.025      
# Factor K            8.115 +- 0.165      1.644 +- 0.162      5.344 +- 0.976      

