# Convergence Analysis with parameters:
#   scheme              : euler
#   Final time T        : 3.000000
#   Number of particles : 10000
#
# dt                  Strong              Weak-($h(X)=X$)     Weak-($h(X)=X^2$)   
  0.000244            0.012197            0.000150            0.000634            
  0.000488            0.021142            0.000230            0.001568            
  0.000977            0.033119            0.000559            0.003751            
  0.001953            0.049752            0.001193            0.008367            
  0.003906            0.076215            0.002741            0.017153            

# Order j             0.758 +- 0.048      1.800 +- 0.119      1.834 +- 0.148      
# Factor K            5.623 +- 1.427      65.328 +- 38.368    507.889 +- 369.568  
  0.000366            0.017501            0.000265            0.001064            
  0.000610            0.024482            0.000494            0.000844            
  0.000855            0.030396            0.000532            0.002332            
  0.001099            0.035212            0.000924            0.002604            
  0.001343            0.039742            0.000920            0.002194            
  0.001587            0.043746            0.001217            0.003491            
  0.001832            0.047836            0.001726            0.004437            
  0.002076            0.051228            0.001632            0.006225            
  0.002320            0.054771            0.001740            0.005644            
  0.002564            0.058052            0.001624            0.005473            
  0.002809            0.061092            0.001964            0.007875            
  0.003052            0.064560            0.002631            0.005261            
  0.003297            0.067682            0.002205            0.007732            
  0.003542            0.070370            0.002710            0.009789            
  0.003788            0.074356            0.003051            0.013688            
  0.004032            0.077572            0.003105            0.013986            
  0.004274            0.079444            0.003985            0.010108            
  0.004518            0.083719            0.003894            0.011454            
  0.004762            0.087209            0.004762            0.011605            
  0.005008            0.089256            0.004108            0.015113            

# Order j             0.618 +- 0.006      1.194 +- 0.085      1.172 +- 0.139      
# Factor K            2.336 +- 0.075      2.442 +- 1.151      7.038 +- 5.460      
  0.000366            0.017551            0.000218            0.000788            
  0.000610            0.024890            0.000384            0.000386            
  0.000855            0.030587            0.000645            0.002333            
  0.001099            0.035597            0.000457            0.002997            
  0.001343            0.040276            0.001161            0.001421            
  0.001587            0.044498            0.001297            0.003449            
  0.001832            0.048403            0.001652            0.003960            
  0.002076            0.051519            0.001649            0.005223            
  0.002320            0.055103            0.001403            0.005605            
  0.002564            0.058547            0.002046            0.004765            
  0.002809            0.062729            0.002497            0.007509            
  0.003052            0.064925            0.002632            0.004221            
  0.003297            0.068234            0.002536            0.007232            
  0.003542            0.071798            0.003025            0.008724            
  0.003788            0.074475            0.003143            0.012847            
  0.004032            0.077832            0.002437            0.013770            
  0.004274            0.079845            0.003359            0.008453            
  0.004518            0.082771            0.003824            0.009834            
  0.004762            0.085884            0.003794            0.009779            
  0.005008            0.087695            0.004368            0.014656            

# Order j             0.601 +- 0.003      1.064 +- 0.079      1.173 +- 0.183      
# Factor K            2.129 +- 0.038      1.147 +- 0.509      6.432 +- 6.553      
# Order j             0.681 +- 0.019      1.534 +- 0.060      2.739 +- 0.135      
# Factor K            3.401 +- 0.358      16.251 +- 5.249     38866.403 +- 26702.190
# Order j             0.681 +- 0.019      1.534 +- 0.060      2.739 +- 0.135      
# Factor K            3.401 +- 0.358      16.251 +- 5.249     38866.403 +- 26702.190
# Order j             0.681 +- 0.019      1.534 +- 0.060      2.739 +- 0.135      
# Factor K            3.401 +- 0.358      16.251 +- 5.249     38866.403 +- 26702.190
# Order j             0.611 +- 0.003      1.140 +- 0.055      1.112 +- 0.120      
# Factor K            2.251 +- 0.043      1.772 +- 0.548      4.978 +- 3.337      
  0.000366            0.017518            0.000328            0.001298            
  0.000610            0.024789            0.000210            0.000799            
  0.000855            0.030494            0.000613            0.002579            
  0.001099            0.035856            0.000266            0.002764            
  0.001343            0.040625            0.000345            0.001765            
  0.001587            0.044911            0.000426            0.003654            
  0.001832            0.048687            0.000810            0.003873            
  0.002076            0.052318            0.000882            0.005973            
  0.002320            0.055506            0.001372            0.005159            
  0.002564            0.059143            0.001161            0.004525            
  0.002809            0.062461            0.001722            0.007264            
  0.003052            0.065129            0.001993            0.003867            
  0.003297            0.068640            0.002724            0.006251            
  0.003542            0.071428            0.002291            0.008706            
  0.003788            0.074390            0.001894            0.012669            
  0.004032            0.078498            0.002053            0.013023            
  0.004274            0.080540            0.002659            0.007597            
  0.004518            0.083777            0.003407            0.009570            
  0.004762            0.087125            0.002935            0.010570            
  0.005008            0.090488            0.003393            0.014370            

# Order j             0.610 +- 0.005      1.333 +- 0.141      1.152 +- 0.185      
# Factor K            2.257 +- 0.063      3.948 +- 3.085      5.584 +- 5.753      
# Order j             0.611 +- 0.003      1.186 +- 0.074      1.121 +- 0.101      
# Factor K            2.256 +- 0.039      2.107 +- 0.869      5.067 +- 2.865      
  0.000366            0.017331            0.000348            0.000722            
  0.000610            0.024807            0.000225            0.000580            
  0.000855            0.030629            0.000486            0.002174            
  0.001099            0.035464            0.000565            0.002409            
  0.001343            0.040066            0.000551            0.001584            
  0.001587            0.044221            0.000571            0.002979            
  0.001832            0.047276            0.001040            0.003247            
  0.002076            0.051533            0.001088            0.005434            
  0.002320            0.055051            0.001666            0.005684            
  0.002564            0.057792            0.001803            0.004753            
  0.002809            0.061306            0.002422            0.007131            
  0.003052            0.064591            0.002122            0.004559            
  0.003297            0.067508            0.003227            0.006536            
  0.003542            0.071292            0.002665            0.009318            
  0.003788            0.073740            0.003093            0.013469            
  0.004032            0.076973            0.003013            0.013750            
  0.004274            0.080120            0.003401            0.007550            
  0.004518            0.082775            0.004171            0.009616            
  0.004762            0.085872            0.003418            0.009052            
  0.005008            0.087856            0.003652            0.013666            

# Order j             0.607 +- 0.004      1.221 +- 0.109      1.147 +- 0.200      
# Factor K            2.182 +- 0.049      2.638 +- 1.604      5.415 +- 6.048      
  0.000366            0.017437            0.000026            0.001010            
  0.000610            0.024925            0.000544            0.000730            
  0.000855            0.030800            0.000284            0.002167            
  0.001099            0.035745            0.000594            0.002717            
  0.001343            0.040175            0.000504            0.001948            
  0.001587            0.043928            0.000723            0.003143            
  0.001832            0.048060            0.001139            0.003939            
  0.002076            0.051548            0.001456            0.005777            
  0.002320            0.055453            0.002233            0.005992            
  0.002564            0.059018            0.001396            0.004643            
  0.002809            0.061209            0.001566            0.006565            
  0.003052            0.064959            0.002073            0.004715            
  0.003297            0.068590            0.001893            0.007046            
  0.003542            0.072034            0.003025            0.009267            
  0.003788            0.074765            0.002824            0.013618            
  0.004032            0.077431            0.002254            0.014090            
  0.004274            0.080724            0.001881            0.008798            
  0.004518            0.083292            0.003135            0.010239            
  0.004762            0.087237            0.003275            0.010071            
  0.005008            0.090766            0.003255            0.015202            

# Order j             0.616 +- 0.005      1.052 +- 0.140      1.197 +- 0.184      
# Factor K            2.325 +- 0.073      0.863 +- 0.677      7.596 +- 7.787      
  0.000366            0.017424            0.000496            0.000841            
  0.000610            0.024646            0.000594            0.000373            
  0.000855            0.030329            0.000783            0.002291            
  0.001099            0.035808            0.001016            0.002867            
  0.001343            0.040036            0.001196            0.001881            
  0.001587            0.043859            0.001768            0.003561            
  0.001832            0.047607            0.001446            0.004013            
  0.002076            0.051719            0.001734            0.006140            
  0.002320            0.054969            0.002690            0.005628            
  0.002564            0.058519            0.002037            0.004889            
  0.002809            0.061721            0.002262            0.007758            
  0.003052            0.065300            0.002497            0.005129            
  0.003297            0.067842            0.002813            0.007068            
  0.003542            0.070998            0.003812            0.009796            
  0.003788            0.074856            0.002844            0.013447            
  0.004032            0.077869            0.003330            0.013611            
  0.004274            0.080539            0.003626            0.009797            
  0.004518            0.083062            0.003448            0.010360            
  0.004762            0.086408            0.004545            0.010864            
  0.005008            0.089735            0.004923            0.015508            

# Order j             0.614 +- 0.004      0.984 +- 0.087      1.191 +- 0.160      
# Factor K            2.298 +- 0.053      0.810 +- 0.397      7.575 +- 6.745      
  0.000366            0.017586            0.000245            0.000881            
  0.000610            0.024707            0.000276            0.000452            
  0.000855            0.030427            0.000369            0.002191            
  0.001099            0.035320            0.000626            0.002538            
  0.001343            0.039739            0.000524            0.001641            
  0.001587            0.043681            0.000706            0.003076            
  0.001832            0.047632            0.000711            0.003811            
  0.002076            0.051208            0.001477            0.005620            
  0.002320            0.055037            0.001052            0.005245            
  0.002564            0.057912            0.001559            0.004598            
  0.002809            0.061793            0.001667            0.007340            
  0.003052            0.065034            0.001837            0.003796            
  0.003297            0.067832            0.001149            0.005695            
  0.003542            0.070416            0.002264            0.008606            
  0.003788            0.073893            0.002403            0.012435            
  0.004032            0.076688            0.002942            0.012661            
  0.004274            0.079546            0.002627            0.008488            
  0.004518            0.082306            0.003031            0.009769            
  0.004762            0.085316            0.004232            0.010291            
  0.005008            0.089075            0.004870            0.013681            

# Order j             0.608 +- 0.004      1.754 +- 0.181      1.199 +- 0.176      
# Factor K            2.198 +- 0.045      45.737 +- 45.533    7.172 +- 7.049      
  0.000366            0.017511            0.000275            0.001190            
  0.000610            0.024766            0.000560            0.000636            
  0.000855            0.030871            0.000695            0.002671            
  0.001099            0.035377            0.000629            0.003218            
  0.001343            0.039568            0.000891            0.002502            
  0.001587            0.043854            0.001326            0.004047            
  0.001832            0.047467            0.001430            0.004682            
  0.002076            0.051474            0.001983            0.006563            
  0.002320            0.054671            0.001312            0.005726            
  0.002564            0.058750            0.001405            0.005480            
  0.002809            0.061784            0.001970            0.008013            
  0.003052            0.064245            0.002670            0.004813            
  0.003297            0.068432            0.002732            0.007274            
  0.003542            0.070962            0.002215            0.009960            
  0.003788            0.074658            0.002559            0.013478            
  0.004032            0.077076            0.003674            0.014032            
  0.004274            0.080426            0.003243            0.010192            
  0.004518            0.082958            0.003180            0.010900            
  0.004762            0.086801            0.003240            0.011231            
  0.005008            0.090359            0.003269            0.015880            

# Order j             0.617 +- 0.005      0.944 +- 0.096      1.125 +- 0.150      
# Factor K            2.328 +- 0.073      0.531 +- 0.286      5.417 +- 4.530      
  0.000366            0.017525            0.000412            0.001259            
  0.000610            0.024765            0.000827            0.000865            
  0.000855            0.030819            0.000745            0.002458            
  0.001099            0.035895            0.001167            0.003255            
  0.001343            0.040110            0.000776            0.002147            
  0.001587            0.044077            0.001278            0.003542            
  0.001832            0.048122            0.001010            0.004499            
  0.002076            0.051672            0.001240            0.006228            
  0.002320            0.054759            0.001459            0.006020            
  0.002564            0.058272            0.001660            0.004958            
  0.002809            0.061500            0.001702            0.007351            
  0.003052            0.065357            0.002455            0.005080            
  0.003297            0.067861            0.002389            0.007130            
  0.003542            0.070582            0.002191            0.009745            
  0.003788            0.074596            0.002380            0.013705            
  0.004032            0.077929            0.002591            0.014620            
  0.004274            0.080592            0.002622            0.009590            
  0.004518            0.083805            0.003199            0.011844            
  0.004762            0.086719            0.003883            0.011665            
  0.005008            0.089340            0.004299            0.015782            

# Order j             0.612 +- 0.005      1.108 +- 0.110      1.198 +- 0.159      
# Factor K            2.269 +- 0.065      1.299 +- 0.796      8.180 +- 7.243      
  0.000366            0.017568            0.000311            0.001124            
  0.000610            0.024880            0.000470            0.000747            
  0.000855            0.030762            0.000319            0.002837            
  0.001099            0.035825            0.000741            0.002871            
  0.001343            0.040218            0.000329            0.001821            
  0.001587            0.044092            0.000535            0.003643            
  0.001832            0.047782            0.000766            0.004421            
  0.002076            0.051533            0.000635            0.005967            
  0.002320            0.055244            0.001504            0.006001            
  0.002564            0.057726            0.001691            0.005526            
  0.002809            0.061986            0.001419            0.007307            
  0.003052            0.065048            0.001424            0.004750            
  0.003297            0.068506            0.002568            0.006932            
  0.003542            0.070160            0.001776            0.008454            
  0.003788            0.074628            0.001395            0.013138            
  0.004032            0.076521            0.003526            0.012605            
  0.004274            0.080534            0.003741            0.008664            
  0.004518            0.083580            0.003798            0.009985            
  0.004762            0.086125            0.003801            0.009017            
  0.005008            0.089420            0.003974            0.014175            

# Order j             0.609 +- 0.005      1.683 +- 0.210      1.037 +- 0.157      
# Factor K            2.224 +- 0.068      31.071 +- 35.962    2.995 +- 2.644      
  0.000366            0.017377            0.000335            0.000774            
  0.000610            0.024674            0.000307            0.000467            
  0.000855            0.030806            0.000181            0.002154            
  0.001099            0.036227            0.000552            0.002746            
  0.001343            0.040189            0.000597            0.001739            
  0.001587            0.044437            0.000827            0.003323            
  0.001832            0.048246            0.001060            0.004056            
  0.002076            0.052113            0.001057            0.005389            
  0.002320            0.055589            0.001282            0.005875            
  0.002564            0.059043            0.000881            0.004845            
  0.002809            0.062215            0.001548            0.007078            
  0.003052            0.066212            0.001688            0.004372            
  0.003297            0.068421            0.001409            0.006307            
  0.003542            0.071535            0.001624            0.008709            
  0.003788            0.074878            0.001877            0.013266            
  0.004032            0.078372            0.001818            0.013315            
  0.004274            0.081336            0.001864            0.008496            
  0.004518            0.084169            0.002473            0.009785            
  0.004762            0.087828            0.001940            0.009606            
  0.005008            0.090575            0.001823            0.013344            

# Order j             0.616 +- 0.005      0.858 +- 0.094      1.123 +- 0.176      
# Factor K            2.338 +- 0.064      0.206 +- 0.109      4.756 +- 4.677      
  0.000366            0.017475            0.000167            0.000956            
  0.000610            0.024984            0.000233            0.000850            
  0.000855            0.030745            0.000385            0.002593            
  0.001099            0.035908            0.000466            0.002403            
  0.001343            0.040181            0.000635            0.001905            
  0.001587            0.044340            0.000710            0.003025            
  0.001832            0.047848            0.000973            0.003876            
  0.002076            0.052188            0.000680            0.005808            
  0.002320            0.055398            0.001143            0.004782            
  0.002564            0.058514            0.000361            0.005137            
  0.002809            0.061719            0.001537            0.007092            
  0.003052            0.064848            0.001190            0.004105            
  0.003297            0.068118            0.001945            0.006600            
  0.003542            0.071030            0.002039            0.008837            
  0.003788            0.075275            0.002487            0.012837            
  0.004032            0.077469            0.001900            0.014941            
  0.004274            0.081147            0.002839            0.009387            
  0.004518            0.083996            0.002788            0.010090            
  0.004762            0.086180            0.003253            0.010276            
  0.005008            0.090024            0.003900            0.015536            

# Order j             0.612 +- 0.005      1.688 +- 0.169      1.257 +- 0.196      
# Factor K            2.268 +- 0.065      27.088 +- 25.159    10.605 +- 11.547    
  0.000366            0.017519            0.000220            0.000996            
  0.000610            0.024984            0.000346            0.000778            
  0.000855            0.030731            0.000413            0.002351            
  0.001099            0.035477            0.000707            0.002663            
  0.001343            0.040405            0.000672            0.001817            
  0.001587            0.043863            0.000767            0.003547            
  0.001832            0.048141            0.001666            0.003823            
  0.002076            0.051343            0.001390            0.005584            
  0.002320            0.055394            0.001408            0.004993            
  0.002564            0.058610            0.001040            0.004768            
  0.002809            0.062034            0.001429            0.007849            
  0.003052            0.065258            0.002205            0.004794            
  0.003297            0.068058            0.001642            0.006215            
  0.003542            0.070611            0.002254            0.008957            
  0.003788            0.074502            0.002335            0.012972            
  0.004032            0.077892            0.001511            0.013594            
  0.004274            0.079933            0.002215            0.008665            
  0.004518            0.083050            0.002988            0.010111            
  0.004762            0.086534            0.002742            0.010497            
  0.005008            0.089613            0.002774            0.014527            

# Order j             0.609 +- 0.004      0.944 +- 0.122      1.183 +- 0.172      
# Factor K            2.233 +- 0.057      0.415 +- 0.284      6.863 +- 6.566      
# Order j             0.612 +- 0.001      1.181 +- 0.048      1.154 +- 0.047      
# Factor K            2.263 +- 0.019      1.895 +- 0.510      5.955 +- 1.573      


# Order j             0.612 +- 0.001      1.181 +- 0.048      1.154 +- 0.047      
# Factor K            2.263 +- 0.019      1.895 +- 0.510      5.955 +- 1.573      

  0.000366            0.017488            0.000329            0.000935            
  0.000610            0.024893            0.000319            0.000705            
  0.000855            0.030406            0.000392            0.002750            
  0.001099            0.035340            0.000355            0.003303            
  0.001343            0.039675            0.000976            0.002034            
  0.001587            0.044048            0.000952            0.003853            
  0.001832            0.047467            0.000767            0.004067            
  0.002076            0.050728            0.001049            0.006054            
  0.002320            0.054246            0.001503            0.006083            
  0.002564            0.057961            0.001689            0.005784            
  0.002809            0.061047            0.001767            0.008810            
  0.003052            0.064026            0.002187            0.005295            
  0.003297            0.067625            0.002319            0.007466            
  0.003542            0.070467            0.002476            0.010493            
  0.003788            0.073619            0.003038            0.014264            
  0.004032            0.077065            0.002759            0.013913            
  0.004274            0.079940            0.003624            0.009625            
  0.004518            0.082334            0.003259            0.011226            
  0.004762            0.085739            0.003443            0.010193            
  0.005008            0.089405            0.004535            0.015106            

# Order j             0.613 +- 0.005      1.372 +- 0.088      1.081 +- 0.157      
# Factor K            2.256 +- 0.068      5.873 +- 2.857      4.215 +- 3.694      

  0.000366            0.017467            0.000182            0.000697            
  0.000610            0.024595            0.000367            0.000472            
  0.000855            0.030452            0.000636            0.002366            
  0.001099            0.035138            0.001137            0.002598            
  0.001343            0.039912            0.001152            0.002315            
  0.001587            0.044067            0.001153            0.003627            
  0.001832            0.047425            0.001132            0.003746            
  0.002076            0.051357            0.001063            0.006050            
  0.002320            0.054663            0.001673            0.005803            
  0.002564            0.058341            0.001910            0.005874            
  0.002809            0.061624            0.002069            0.007764            
  0.003052            0.065120            0.002351            0.004614            
  0.003297            0.067341            0.002336            0.006311            
  0.003542            0.071042            0.002528            0.009101            
  0.003788            0.073725            0.002966            0.013430            
  0.004032            0.077645            0.003233            0.013899            
  0.004274            0.079720            0.003255            0.008271            
  0.004518            0.084274            0.004346            0.019368            
  0.004762            0.086597            0.003226            0.009741            
  0.005008            0.090931            0.003873            0.015184            

# Order j             0.621 +- 0.007      1.098 +- 0.088      1.300 +- 0.239      
# Factor K            2.382 +- 0.090      1.326 +- 0.651      14.663 +- 19.449    

  0.000366            0.017436            0.000312            0.000823            
  0.000610            0.024750            0.000316            0.000415            
  0.000855            0.030809            0.000316            0.002604            
  0.001099            0.035987            0.000759            0.002950            
  0.001343            0.040045            0.000327            0.001994            
  0.001587            0.043887            0.000504            0.003781            
  0.001832            0.048189            0.000890            0.003855            
  0.002076            0.051798            0.001232            0.005769            
  0.002320            0.055128            0.001084            0.006116            
  0.002564            0.058246            0.001164            0.005753            
  0.002809            0.061824            0.001619            0.007627            
  0.003052            0.064996            0.002068            0.004673            
  0.003297            0.068272            0.002230            0.006577            
  0.003542            0.071088            0.002029            0.009607            
  0.003788            0.073936            0.001924            0.013060            
  0.004032            0.076983            0.003738            0.014455            
  0.004274            0.080534            0.002887            0.009028            
  0.004518            0.082992            0.002978            0.009080            
  0.004762            0.085352            0.002421            0.010148            
  0.005008            0.089890            0.003549            0.014712            

# Order j             0.607 +- 0.005      1.285 +- 0.164      1.097 +- 0.176      
# Factor K            2.203 +- 0.059      3.084 +- 2.812      4.338 +- 4.278      

  0.000366            0.017444            0.000152            0.001114            
  0.000610            0.024902            0.000227            0.000998            
  0.000855            0.030550            0.000564            0.002503            
  0.001099            0.035583            0.000843            0.002661            
  0.001343            0.040145            0.000664            0.002074            
  0.001587            0.044239            0.000917            0.003828            
  0.001832            0.047910            0.001091            0.004277            
  0.002076            0.051528            0.000957            0.006232            
  0.002320            0.055531            0.001242            0.006091            
  0.002564            0.059024            0.001883            0.005964            
  0.002809            0.062290            0.001347            0.007717            
  0.003052            0.065249            0.000981            0.004781            
  0.003297            0.068037            0.001778            0.006346            
  0.003542            0.071558            0.001782            0.010212            
  0.003788            0.075128            0.001976            0.013460            
  0.004032            0.078209            0.002072            0.014230            
  0.004274            0.080911            0.001763            0.008994            
  0.004518            0.083593            0.002020            0.010221            
  0.004762            0.087684            0.002588            0.010767            
  0.005008            0.090182            0.002270            0.014801            

# Order j             0.617 +- 0.004      0.850 +- 0.097      1.096 +- 0.164      
# Factor K            2.344 +- 0.059      0.212 +- 0.116      4.429 +- 4.070      

  0.000366            0.017547            0.000255            0.001032            
  0.000610            0.024784            0.000267            0.000669            
  0.000855            0.030836            0.000534            0.002565            
  0.001099            0.035803            0.000631            0.002999            
  0.001343            0.040146            0.000791            0.002172            
  0.001587            0.044468            0.000301            0.003404            
  0.001832            0.048272            0.000654            0.003698            
  0.002076            0.051687            0.001270            0.005955            
  0.002320            0.055195            0.001130            0.005291            
  0.002564            0.058630            0.000975            0.005055            
  0.002809            0.062017            0.001701            0.007476            
  0.003052            0.065486            0.001670            0.004799            
  0.003297            0.067724            0.001430            0.006263            
  0.003542            0.071887            0.001741            0.009706            
  0.003788            0.073523            0.002939            0.012616            
  0.004032            0.077269            0.002319            0.013605            
  0.004274            0.080354            0.003079            0.008220            
  0.004518            0.082895            0.002660            0.010376            
  0.004762            0.086700            0.003537            0.011771            
  0.005008            0.089328            0.003240            0.014414            

# Order j             0.606 +- 0.005      1.422 +- 0.146      1.176 +- 0.161      
# Factor K            2.196 +- 0.057      6.386 +- 5.179      6.721 +- 6.051      

  0.000366            0.017437            0.000154            0.001076            
  0.000610            0.024784            0.000090            0.000357            
  0.000855            0.030489            0.000327            0.002669            
  0.001099            0.035478            0.000834            0.002814            
  0.001343            0.040250            0.000669            0.002281            
  0.001587            0.044101            0.000990            0.003621            
  0.001832            0.047610            0.001160            0.004226            
  0.002076            0.051155            0.001421            0.006678            
  0.002320            0.055265            0.001824            0.006131            
  0.002564            0.058018            0.001947            0.006106            
  0.002809            0.061794            0.001752            0.007901            
  0.003052            0.065019            0.002497            0.004862            
  0.003297            0.067451            0.002861            0.007392            
  0.003542            0.071331            0.003078            0.009945            
  0.003788            0.074888            0.003394            0.014642            
  0.004032            0.077057            0.003290            0.014200            
  0.004274            0.080491            0.003561            0.010106            
  0.004518            0.084715            0.003541            0.011299            
  0.004762            0.086941            0.003484            0.011138            
  0.005008            0.090208            0.003853            0.016265            

# Order j             0.619 +- 0.006      1.148 +- 0.075      1.163 +- 0.164      
# Factor K            2.363 +- 0.081      1.793 +- 0.747      6.833 +- 6.249      

  0.000366            0.017365            0.000329            0.001007            
  0.000610            0.024472            0.000317            0.000422            
  0.000855            0.030665            0.000655            0.002213            
  0.001099            0.035842            0.000689            0.002511            
  0.001343            0.040243            0.001148            0.001562            
  0.001587            0.043640            0.001423            0.003118            
  0.001832            0.047677            0.001409            0.003317            
  0.002076            0.050872            0.001978            0.005244            
  0.002320            0.054595            0.001644            0.004712            
  0.002564            0.058235            0.002572            0.004635            
  0.002809            0.062004            0.002108            0.007098            
  0.003052            0.064758            0.002719            0.004397            
  0.003297            0.068054            0.002633            0.005729            
  0.003542            0.070842            0.003149            0.008692            
  0.003788            0.073904            0.002104            0.012457            
  0.004032            0.076561            0.003092            0.012808            
  0.004274            0.079975            0.002258            0.007657            
  0.004518            0.082423            0.003974            0.008857            
  0.004762            0.086486            0.003661            0.009594            
  0.005008            0.088482            0.003597            0.013912            

# Order j             0.609 +- 0.004      0.888 +- 0.107      1.193 +- 0.191      
# Factor K            2.211 +- 0.057      0.406 +- 0.245      6.748 +- 7.184      

  0.000366            0.017407            0.000212            0.000946            
  0.000610            0.024914            0.000371            0.000563            
  0.000855            0.030393            0.000355            0.002197            
  0.001099            0.035632            0.000587            0.002725            
  0.001343            0.039922            0.001079            0.002037            
  0.001587            0.044096            0.001170            0.003657            
  0.001832            0.047974            0.001223            0.003651            
  0.002076            0.051455            0.001630            0.005856            
  0.002320            0.055656            0.002055            0.005728            
  0.002564            0.058692            0.001883            0.004911            
  0.002809            0.062170            0.002757            0.007644            
  0.003052            0.065105            0.002512            0.004150            
  0.003297            0.068454            0.002278            0.006383            
  0.003542            0.071509            0.002500            0.009030            
  0.003788            0.074445            0.003666            0.013022            
  0.004032            0.077592            0.002805            0.014087            
  0.004274            0.081218            0.002650            0.008775            
  0.004518            0.084183            0.004384            0.011063            
  0.004762            0.087660            0.003988            0.011503            
  0.005008            0.091278            0.003577            0.014323            

# Order j             0.621 +- 0.006      1.051 +- 0.115      1.211 +- 0.171      
# Factor K            2.409 +- 0.078      1.048 +- 0.672      8.230 +- 7.832      

  0.000366            0.017426            0.000274            0.000872            
  0.000610            0.025149            0.000221            0.000686            
  0.000855            0.030740            0.000515            0.002175            
  0.001099            0.035666            0.000449            0.002644            
  0.001343            0.040159            0.000395            0.001303            
  0.001587            0.044526            0.001213            0.002787            
  0.001832            0.047945            0.000788            0.003530            
  0.002076            0.051283            0.000950            0.005174            
  0.002320            0.055322            0.000731            0.004980            
  0.002564            0.058034            0.001663            0.004239            
  0.002809            0.062312            0.001100            0.006535            
  0.003052            0.065051            0.001527            0.003435            
  0.003297            0.067779            0.001524            0.005340            
  0.003542            0.070610            0.001906            0.008061            
  0.003788            0.074313            0.001978            0.011360            
  0.004032            0.077801            0.001100            0.012133            
  0.004274            0.080538            0.002125            0.007215            
  0.004518            0.083831            0.002249            0.007509            
  0.004762            0.086956            0.003727            0.008011            
  0.005008            0.089972            0.003350            0.012185            

# Order j             0.613 +- 0.006      1.396 +- 0.225      1.082 +- 0.198      
# Factor K            2.280 +- 0.074      4.873 +- 6.080      3.294 +- 3.651      

  0.000366            0.017421            0.000431            0.001109            
  0.000610            0.025402            0.000357            0.000728            
  0.000855            0.030523            0.000775            0.002343            
  0.001099            0.035628            0.000426            0.003078            
  0.001343            0.040090            0.001294            0.001834            
  0.001587            0.044459            0.001348            0.003639            
  0.001832            0.048112            0.001657            0.003744            
  0.002076            0.051597            0.001954            0.005711            
  0.002320            0.055052            0.002500            0.005279            
  0.002564            0.058006            0.002356            0.004669            
  0.002809            0.061559            0.001972            0.008027            
  0.003052            0.065037            0.002563            0.003857            
  0.003297            0.068628            0.002446            0.005871            
  0.003542            0.071155            0.003502            0.009375            
  0.003788            0.074697            0.003456            0.013445            
  0.004032            0.076440            0.003473            0.012910            
  0.004274            0.081130            0.002777            0.009512            
  0.004518            0.084392            0.003918            0.010655            
  0.004762            0.086296            0.004127            0.010341            
  0.005008            0.089673            0.005240            0.014397            

# Order j             0.612 +- 0.006      1.059 +- 0.105      1.183 +- 0.177      
# Factor K            2.267 +- 0.073      1.212 +- 0.713      6.903 +- 6.819      

  0.000366            0.017412            0.000285            0.001138            
  0.000610            0.024882            0.000050            0.000819            
  0.000855            0.030492            0.000506            0.002535            
  0.001099            0.035944            0.000493            0.002847            
  0.001343            0.040323            0.000766            0.001978            
  0.001587            0.044222            0.001138            0.003223            
  0.001832            0.047648            0.001468            0.003777            
  0.002076            0.051384            0.001448            0.005314            
  0.002320            0.054924            0.001722            0.005770            
  0.002564            0.057667            0.001538            0.004841            
  0.002809            0.061094            0.001597            0.006665            
  0.003052            0.065183            0.002248            0.004041            
  0.003297            0.068362            0.002077            0.006270            
  0.003542            0.070804            0.002704            0.008600            
  0.003788            0.073695            0.001791            0.013096            
  0.004032            0.077035            0.002759            0.013309            
  0.004274            0.080186            0.001919            0.007996            
  0.004518            0.082386            0.002006            0.008944            
  0.004762            0.086589            0.002960            0.009829            
  0.005008            0.090274            0.002993            0.014692            

# Order j             0.611 +- 0.006      0.864 +- 0.116      1.152 +- 0.193      
# Factor K            2.253 +- 0.082      0.277 +- 0.181      5.575 +- 5.999      

  0.000366            0.017434            0.000342            0.001058            
  0.000610            0.025019            0.000431            0.000921            
  0.000855            0.030774            0.000919            0.002674            
  0.001099            0.035820            0.001067            0.002926            
  0.001343            0.040258            0.001261            0.002180            
  0.001587            0.044165            0.001171            0.003447            
  0.001832            0.048063            0.001202            0.003885            
  0.002076            0.052125            0.001334            0.005902            
  0.002320            0.055227            0.001830            0.005586            
  0.002564            0.058387            0.002378            0.004887            
  0.002809            0.062183            0.002179            0.008068            
  0.003052            0.066093            0.002504            0.004822            
  0.003297            0.068164            0.002957            0.006770            
  0.003542            0.071245            0.003826            0.009357            
  0.003788            0.074123            0.003257            0.012812            
  0.004032            0.077559            0.003968            0.014280            
  0.004274            0.080668            0.003839            0.008807            
  0.004518            0.084396            0.005535            0.011586            
  0.004762            0.086415            0.005066            0.009985            
  0.005008            0.089194            0.004220            0.014933            

# Order j             0.609 +- 0.004      1.225 +- 0.113      1.150 +- 0.168      
# Factor K            2.234 +- 0.055      3.324 +- 2.097      5.919 +- 5.537      

# Order j             0.612 +- 0.001      1.150 +- 0.035      1.155 +- 0.035      
# Factor K            2.272 +- 0.014      1.617 +- 0.320      5.984 +- 1.169      

  0.000366            0.017493            0.000373            0.001038            
  0.000610            0.024810            0.000336            0.000683            
  0.000855            0.030722            0.000542            0.002466            
  0.001099            0.035404            0.000688            0.003022            
  0.001343            0.039669            0.000933            0.002063            
  0.001587            0.044088            0.001235            0.003447            
  0.001832            0.047902            0.001701            0.004068            
  0.002076            0.051210            0.001244            0.006008            
  0.002320            0.055117            0.001624            0.005512            
  0.002564            0.058254            0.001880            0.005297            
  0.002809            0.061808            0.002278            0.007951            
  0.003052            0.064832            0.001838            0.004700            
  0.003297            0.068299            0.002257            0.006268            
  0.003542            0.071129            0.002669            0.009461            
  0.003788            0.074330            0.002322            0.013254            
  0.004032            0.077232            0.003146            0.014211            
  0.004274            0.081163            0.003552            0.009358            
  0.004518            0.083317            0.003842            0.011132            
  0.004762            0.086751            0.004456            0.010928            
  0.005008            0.088245            0.004365            0.015389            

# Order j             0.612 +- 0.004      1.255 +- 0.092      1.193 +- 0.168      
# Factor K            2.260 +- 0.051      3.279 +- 1.685      7.649 +- 7.156      

  0.000366            0.017459            0.000072            0.000927            
  0.000610            0.024994            0.000124            0.000650            
  0.000855            0.030515            0.000224            0.002647            
  0.001099            0.035809            0.000428            0.003234            
  0.001343            0.040114            0.000780            0.002315            
  0.001587            0.044332            0.001567            0.003559            
  0.001832            0.048209            0.001024            0.004448            
  0.002076            0.052329            0.001898            0.006593            
  0.002320            0.055059            0.002144            0.006179            
  0.002564            0.058988            0.001571            0.005551            
  0.002809            0.061725            0.001314            0.008439            
  0.003052            0.064928            0.002331            0.005087            
  0.003297            0.067784            0.002123            0.007250            
  0.003542            0.071148            0.002412            0.009319            
  0.003788            0.074455            0.002800            0.013648            
  0.004032            0.077750            0.002273            0.014176            
  0.004274            0.080144            0.003331            0.009499            
  0.004518            0.083766            0.002994            0.010215            
  0.004762            0.086290            0.003543            0.010638            
  0.005008            0.089132            0.003746            0.015667            

# Order j             0.607 +- 0.004      1.100 +- 0.118      1.091 +- 0.160      
# Factor K            2.210 +- 0.052      1.223 +- 0.805      4.397 +- 3.946      

  0.000366            0.017466            0.000124            0.000889            
  0.000610            0.024932            0.000314            0.000512            
  0.000855            0.030641            0.000896            0.002618            
  0.001099            0.035401            0.000512            0.002691            
  0.001343            0.039780            0.000123            0.001918            
  0.001587            0.043974            0.000732            0.003361            
  0.001832            0.048072            0.000945            0.003638            
  0.002076            0.051511            0.001318            0.005826            
  0.002320            0.055147            0.002087            0.005804            
  0.002564            0.058474            0.001925            0.005023            
  0.002809            0.061965            0.001646            0.007286            
  0.003052            0.065138            0.002038            0.004047            
  0.003297            0.068355            0.002274            0.006612            
  0.003542            0.071105            0.002635            0.009067            
  0.003788            0.074332            0.002062            0.012360            
  0.004032            0.077550            0.002730            0.013944            
  0.004274            0.080012            0.002732            0.009192            
  0.004518            0.083808            0.003741            0.009705            
  0.004762            0.087521            0.003851            0.011393            
  0.005008            0.089775            0.004379            0.015129            

# Order j             0.616 +- 0.005      1.352 +- 0.133      1.223 +- 0.173      
# Factor K            2.318 +- 0.063      5.153 +- 3.795      8.737 +- 8.396      

  0.000366            0.017379            0.000154            0.000953            
  0.000610            0.024898            0.000298            0.000594            
  0.000855            0.030305            0.000542            0.002793            
  0.001099            0.035026            0.000505            0.002612            
  0.001343            0.039914            0.000505            0.002068            
  0.001587            0.043471            0.001221            0.003906            
  0.001832            0.047138            0.001042            0.003882            
  0.002076            0.051168            0.001022            0.006094            
  0.002320            0.054925            0.001375            0.006045            
  0.002564            0.057959            0.001273            0.005289            
  0.002809            0.061610            0.002006            0.007882            
  0.003052            0.064860            0.002037            0.005142            
  0.003297            0.067090            0.001952            0.006564            
  0.003542            0.070279            0.002442            0.009966            
  0.003788            0.073214            0.003032            0.013765            
  0.004032            0.077134            0.003543            0.014560            
  0.004274            0.080020            0.002593            0.008661            
  0.004518            0.082826            0.002613            0.010960            
  0.004762            0.085719            0.003311            0.010426            
  0.005008            0.087475            0.004224            0.014151            

# Order j             0.609 +- 0.004      1.273 +- 0.127      1.101 +- 0.170      
# Factor K            2.203 +- 0.051      3.174 +- 2.250      4.546 +- 4.315      

  0.000366            0.017625            0.000330            0.000985            
  0.000610            0.025045            0.000320            0.000572            
  0.000855            0.030755            0.000314            0.002490            
  0.001099            0.036064            0.000572            0.002951            
  0.001343            0.040520            0.000332            0.001729            
  0.001587            0.044419            0.000760            0.003345            
  0.001832            0.047917            0.000616            0.003809            
  0.002076            0.051608            0.001107            0.005746            
  0.002320            0.055772            0.001131            0.005803            
  0.002564            0.058476            0.001287            0.005048            
  0.002809            0.062408            0.000843            0.008179            
  0.003052            0.066355            0.000914            0.004583            
  0.003297            0.068817            0.002261            0.006428            
  0.003542            0.071850            0.002197            0.009243            
  0.003788            0.074951            0.002620            0.012707            
  0.004032            0.077696            0.002937            0.013712            
  0.004274            0.080227            0.003948            0.008829            
  0.004518            0.083424            0.003501            0.010255            
  0.004762            0.087028            0.003206            0.010562            
  0.005008            0.089601            0.004627            0.015207            

# Order j             0.608 +- 0.004      1.873 +- 0.195      1.177 +- 0.171      
# Factor K            2.223 +- 0.049      87.682 +- 93.741    6.778 +- 6.462      

  0.000366            0.017485            0.000372            0.000951            
  0.000610            0.024816            0.000057            0.000409            
  0.000855            0.030446            0.000183            0.002211            
  0.001099            0.035270            0.000668            0.002676            
  0.001343            0.040017            0.000897            0.001661            
  0.001587            0.044408            0.001345            0.002948            
  0.001832            0.047990            0.000937            0.003444            
  0.002076            0.051991            0.001438            0.005601            
  0.002320            0.055320            0.001278            0.004929            
  0.002564            0.059126            0.001271            0.005130            
  0.002809            0.061886            0.002049            0.007274            
  0.003052            0.065201            0.002211            0.004079            
  0.003297            0.068572            0.003151            0.006687            
  0.003542            0.071118            0.003053            0.009020            
  0.003788            0.074403            0.003114            0.013568            
  0.004032            0.078297            0.003355            0.013546            
  0.004274            0.080809            0.003249            0.008301            
  0.004518            0.084061            0.003710            0.010007            
  0.004762            0.087806            0.004471            0.011021            
  0.005008            0.089668            0.004779            0.014905            

# Order j             0.617 +- 0.004      1.408 +- 0.099      1.260 +- 0.190      
# Factor K            2.339 +- 0.060      7.989 +- 4.391      10.615 +- 11.250    

  0.000366            0.017716            0.000119            0.001115            
  0.000610            0.025066            0.000956            0.001036            
  0.000855            0.030792            0.000725            0.002700            
  0.001099            0.035518            0.000823            0.002920            
  0.001343            0.039976            0.001055            0.002461            
  0.001587            0.043865            0.001242            0.003958            
  0.001832            0.048093            0.001698            0.004372            
  0.002076            0.052019            0.001880            0.006186            
  0.002320            0.055397            0.002246            0.005646            
  0.002564            0.058505            0.002916            0.004806            
  0.002809            0.061200            0.002447            0.007406            
  0.003052            0.064511            0.002032            0.004450            
  0.003297            0.067836            0.002537            0.007048            
  0.003542            0.070536            0.003134            0.009215            
  0.003788            0.074660            0.003348            0.013015            
  0.004032            0.077144            0.003881            0.014718            
  0.004274            0.079873            0.004039            0.009786            
  0.004518            0.082338            0.003852            0.010169            
  0.004762            0.085746            0.003427            0.010666            
  0.005008            0.090351            0.004711            0.014671            

# Order j             0.607 +- 0.006      0.975 +- 0.087      1.115 +- 0.165      
# Factor K            2.201 +- 0.073      0.759 +- 0.372      4.899 +- 4.509      

  0.000366            0.017511            0.000272            0.000886            
  0.000610            0.024855            0.000395            0.000524            
  0.000855            0.030492            0.000340            0.002210            
  0.001099            0.035709            0.000207            0.002541            
  0.001343            0.040021            0.000934            0.001646            
  0.001587            0.044139            0.000709            0.003379            
  0.001832            0.047746            0.000295            0.003286            
  0.002076            0.051485            0.001490            0.005499            
  0.002320            0.054792            0.001073            0.005143            
  0.002564            0.058083            0.001933            0.004617            
  0.002809            0.062044            0.001337            0.006892            
  0.003052            0.065365            0.002110            0.004272            
  0.003297            0.068060            0.002189            0.005597            
  0.003542            0.070566            0.002575            0.008889            
  0.003788            0.074347            0.002386            0.012539            
  0.004032            0.077389            0.001727            0.013350            
  0.004274            0.080406            0.002971            0.007723            
  0.004518            0.083257            0.002780            0.009162            
  0.004762            0.086915            0.002507            0.010119            
  0.005008            0.090280            0.004777            0.014110            

# Order j             0.615 +- 0.005      1.362 +- 0.214      1.203 +- 0.193      
# Factor K            2.306 +- 0.071      4.848 +- 5.742      7.304 +- 7.878      

  0.000366            0.017547            0.000303            0.000789            
  0.000610            0.024875            0.000534            0.000320            
  0.000855            0.030781            0.000305            0.002253            
  0.001099            0.035752            0.000215            0.002667            
  0.001343            0.039808            0.000677            0.001616            
  0.001587            0.044231            0.000972            0.003252            
  0.001832            0.048302            0.000635            0.003677            
  0.002076            0.052260            0.001272            0.005503            
  0.002320            0.055508            0.001490            0.005342            
  0.002564            0.059393            0.001575            0.004544            
  0.002809            0.062624            0.002078            0.007493            
  0.003052            0.066150            0.002002            0.004723            
  0.003297            0.068981            0.001613            0.006378            
  0.003542            0.071904            0.001738            0.008831            
  0.003788            0.075818            0.002526            0.013498            
  0.004032            0.077967            0.002146            0.013732            
  0.004274            0.081568            0.001817            0.008760            
  0.004518            0.084302            0.002631            0.009987            
  0.004762            0.087631            0.002734            0.010558            
  0.005008            0.091658            0.003550            0.015431            

# Order j             0.620 +- 0.005      1.090 +- 0.131      1.257 +- 0.189      
# Factor K            2.401 +- 0.062      0.962 +- 0.704      10.476 +- 11.034    

  0.000366            0.017422            0.000290            0.001208            
  0.000610            0.024929            0.000376            0.000823            
  0.000855            0.030768            0.000528            0.002828            
  0.001099            0.036105            0.000586            0.003134            
  0.001343            0.040451            0.000885            0.002539            
  0.001587            0.044360            0.000540            0.003725            
  0.001832            0.048463            0.001022            0.004496            
  0.002076            0.052189            0.001316            0.005952            
  0.002320            0.056099            0.001019            0.006111            
  0.002564            0.058512            0.001896            0.005176            
  0.002809            0.062222            0.001392            0.007160            
  0.003052            0.065691            0.001798            0.004968            
  0.003297            0.069256            0.002494            0.007329            
  0.003542            0.071902            0.002939            0.009273            
  0.003788            0.074626            0.002227            0.013471            
  0.004032            0.077233            0.002618            0.013977            
  0.004274            0.080485            0.002915            0.008766            
  0.004518            0.083669            0.003813            0.009813            
  0.004762            0.087610            0.002806            0.010795            
  0.005008            0.091158            0.003473            0.015475            

# Order j             0.612 +- 0.006      1.196 +- 0.123      1.098 +- 0.163      
# Factor K            2.285 +- 0.076      2.000 +- 1.376      4.453 +- 4.059      

  0.000366            0.017637            0.000212            0.001029            
  0.000610            0.024792            0.000424            0.000432            
  0.000855            0.030875            0.000248            0.002817            
  0.001099            0.035534            0.000777            0.002852            
  0.001343            0.040372            0.001138            0.002207            
  0.001587            0.044128            0.000736            0.003075            
  0.001832            0.048003            0.000959            0.003470            
  0.002076            0.052485            0.001884            0.006356            
  0.002320            0.055411            0.001422            0.005703            
  0.002564            0.058817            0.001500            0.004912            
  0.002809            0.062099            0.001616            0.007108            
  0.003052            0.065764            0.002557            0.003811            
  0.003297            0.068413            0.002376            0.006194            
  0.003542            0.071583            0.002820            0.008540            
  0.003788            0.074076            0.003434            0.013050            
  0.004032            0.077813            0.003436            0.013827            
  0.004274            0.080751            0.002964            0.008693            
  0.004518            0.083648            0.002885            0.008973            
  0.004762            0.085785            0.003471            0.009484            
  0.005008            0.088946            0.004357            0.014074            

# Order j             0.605 +- 0.003      1.178 +- 0.115      1.109 +- 0.194      
# Factor K            2.189 +- 0.038      2.034 +- 1.301      4.397 +- 4.772      

  0.000366            0.017632            0.000349            0.000820            
  0.000610            0.024800            0.000362            0.000606            
  0.000855            0.030684            0.000602            0.002125            
  0.001099            0.035734            0.001052            0.002460            
  0.001343            0.040316            0.001156            0.001663            
  0.001587            0.044148            0.001542            0.003369            
  0.001832            0.048487            0.001268            0.003482            
  0.002076            0.051920            0.001421            0.005509            
  0.002320            0.055627            0.002155            0.005493            
  0.002564            0.058269            0.002064            0.004581            
  0.002809            0.061267            0.001556            0.007249            
  0.003052            0.064814            0.001915            0.004267            
  0.003297            0.068207            0.002229            0.006206            
  0.003542            0.071671            0.002935            0.009604            
  0.003788            0.074456            0.002855            0.012426            
  0.004032            0.077944            0.002627            0.013850            
  0.004274            0.080544            0.002549            0.008487            
  0.004518            0.083642            0.003759            0.009147            
  0.004762            0.087078            0.003910            0.010135            
  0.005008            0.090860            0.004386            0.015372            

# Order j             0.615 +- 0.006      1.051 +- 0.106      1.232 +- 0.195      
# Factor K            2.310 +- 0.078      1.007 +- 0.600      8.931 +- 9.693      

  0.000366            0.017423            0.000314            0.000991            
  0.000610            0.024610            0.000438            0.000600            
  0.000855            0.030568            0.000280            0.002471            
  0.001099            0.035599            0.000307            0.002832            
  0.001343            0.040066            0.000861            0.001852            
  0.001587            0.043560            0.000560            0.003881            
  0.001832            0.047624            0.001221            0.003980            
  0.002076            0.050993            0.001175            0.005564            
  0.002320            0.055024            0.001125            0.006033            
  0.002564            0.057885            0.001024            0.004815            
  0.002809            0.061265            0.002058            0.007264            
  0.003052            0.064220            0.001923            0.004053            
  0.003297            0.066803            0.002797            0.006731            
  0.003542            0.069667            0.002179            0.009423            
  0.003788            0.073649            0.002131            0.012813            
  0.004032            0.076377            0.002637            0.013105            
  0.004274            0.079299            0.002853            0.008886            
  0.004518            0.083134            0.003334            0.010138            
  0.004762            0.085385            0.003396            0.009773            
  0.005008            0.088384            0.004411            0.014284            

# Order j             0.607 +- 0.005      1.423 +- 0.132      1.122 +- 0.167      
# Factor K            2.175 +- 0.066      7.229 +- 5.275      4.863 +- 4.528      

  0.000366            0.017412            0.000437            0.001055            
  0.000610            0.024668            0.000299            0.000594            
  0.000855            0.030631            0.001151            0.002416            
  0.001099            0.035643            0.001300            0.002419            
  0.001343            0.040053            0.001582            0.002006            
  0.001587            0.044210            0.001302            0.003551            
  0.001832            0.047862            0.001668            0.003851            
  0.002076            0.051379            0.001738            0.005486            
  0.002320            0.054776            0.002587            0.005720            
  0.002564            0.058510            0.002934            0.005299            
  0.002809            0.060873            0.002783            0.007573            
  0.003052            0.064729            0.003377            0.005004            
  0.003297            0.067375            0.003466            0.006956            
  0.003542            0.070888            0.003608            0.009213            
  0.003788            0.074032            0.003851            0.013651            
  0.004032            0.076759            0.003689            0.013810            
  0.004274            0.079543            0.003344            0.008733            
  0.004518            0.082827            0.004105            0.010222            
  0.004762            0.086155            0.004117            0.010173            
  0.005008            0.087831            0.004812            0.014322            

# Order j             0.605 +- 0.004      0.870 +- 0.066      1.137 +- 0.167      
# Factor K            2.161 +- 0.052      0.460 +- 0.171      5.417 +- 5.057      

  0.000366            0.017312            0.000379            0.000910            
  0.000610            0.024858            0.000521            0.000384            
  0.000855            0.030420            0.000707            0.002095            
  0.001099            0.035366            0.000851            0.002361            
  0.001343            0.039640            0.000926            0.001616            
  0.001587            0.043733            0.001175            0.003131            
  0.001832            0.047782            0.000938            0.003702            
  0.002076            0.051080            0.001846            0.005372            
  0.002320            0.054752            0.001743            0.004868            
  0.002564            0.058794            0.001933            0.004313            
  0.002809            0.060992            0.002450            0.007068            
  0.003052            0.064597            0.001868            0.003676            
  0.003297            0.068316            0.003285            0.005948            
  0.003542            0.070433            0.002561            0.008269            
  0.003788            0.074620            0.002383            0.012508            
  0.004032            0.077135            0.003151            0.013432            
  0.004274            0.080570            0.003950            0.008009            
  0.004518            0.083551            0.002798            0.009538            
  0.004762            0.085952            0.003757            0.008978            
  0.005008            0.089123            0.004303            0.014104            

# Order j             0.615 +- 0.004      1.051 +- 0.112      1.214 +- 0.205      
# Factor K            2.296 +- 0.058      1.030 +- 0.645      7.649 +- 8.743      

  0.000366            0.017337            0.000269            0.001017            
  0.000610            0.024625            0.000293            0.000822            
  0.000855            0.030602            0.000439            0.002492            
  0.001099            0.035860            0.000755            0.002727            
  0.001343            0.040114            0.000615            0.002055            
  0.001587            0.044328            0.001051            0.003603            
  0.001832            0.047653            0.001242            0.003786            
  0.002076            0.052058            0.001466            0.005844            
  0.002320            0.054082            0.001358            0.004820            
  0.002564            0.058527            0.001014            0.005173            
  0.002809            0.061112            0.001014            0.007532            
  0.003052            0.064910            0.002354            0.003777            
  0.003297            0.068192            0.001928            0.005810            
  0.003542            0.071277            0.002257            0.008525            
  0.003788            0.074418            0.002169            0.012437            
  0.004032            0.077218            0.002178            0.013228            
  0.004274            0.080393            0.002711            0.007821            
  0.004518            0.083378            0.003257            0.009304            
  0.004762            0.086979            0.002068            0.009699            
  0.005008            0.089022            0.003452            0.012752            

# Order j             0.612 +- 0.005      1.056 +- 0.139      1.068 +- 0.177      
# Factor K            2.270 +- 0.067      0.815 +- 0.636      3.388 +- 3.358      

  0.000366            0.017422            0.000103            0.000939            
  0.000610            0.024797            0.000093            0.000647            
  0.000855            0.030828            0.000254            0.002460            
  0.001099            0.035471            0.000292            0.002728            
  0.001343            0.040105            0.000486            0.001800            
  0.001587            0.043831            0.000202            0.003233            
  0.001832            0.048019            0.000273            0.003586            
  0.002076            0.051231            0.000342            0.005844            
  0.002320            0.054269            0.000791            0.005040            
  0.002564            0.058058            0.000469            0.004542            
  0.002809            0.061236            0.000915            0.007507            
  0.003052            0.064675            0.000985            0.004200            
  0.003297            0.067679            0.001572            0.006579            
  0.003542            0.070602            0.001145            0.008626            
  0.003788            0.074472            0.001660            0.012367            
  0.004032            0.077217            0.001704            0.014542            
  0.004274            0.079603            0.002092            0.007735            
  0.004518            0.083230            0.002767            0.009791            
  0.004762            0.085863            0.002133            0.009821            
  0.005008            0.089246            0.002579            0.013859            

# Order j             0.611 +- 0.005      1.870 +- 0.181      1.154 +- 0.194      
# Factor K            2.236 +- 0.063      53.854 +- 53.526    5.664 +- 6.129      

  0.000366            0.017584            0.000238            0.000886            
  0.000610            0.025168            0.000354            0.000440            
  0.000855            0.030594            0.000081            0.002308            
  0.001099            0.035544            0.000361            0.002811            
  0.001343            0.039586            0.000283            0.001755            
  0.001587            0.043949            0.000239            0.002924            
  0.001832            0.047981            0.000877            0.003601            
  0.002076            0.051592            0.000672            0.005559            
  0.002320            0.055417            0.000952            0.005448            
  0.002564            0.058482            0.001017            0.004866            
  0.002809            0.062064            0.001105            0.006964            
  0.003052            0.064892            0.000907            0.003394            
  0.003297            0.067819            0.000920            0.006113            
  0.003542            0.071004            0.001180            0.008575            
  0.003788            0.074242            0.001669            0.011759            
  0.004032            0.077016            0.001627            0.013137            
  0.004274            0.081108            0.001882            0.008508            
  0.004518            0.083425            0.002167            0.009843            
  0.004762            0.086288            0.001897            0.009044            
  0.005008            0.090128            0.002113            0.014719            

# Order j             0.613 +- 0.005      1.302 +- 0.126      1.205 +- 0.191      
# Factor K            2.280 +- 0.064      2.138 +- 1.500      7.370 +- 7.841      

  0.000366            0.017628            0.000117            0.000728            
  0.000610            0.024787            0.000062            0.000385            
  0.000855            0.030689            0.000563            0.002727            
  0.001099            0.035801            0.000672            0.002655            
  0.001343            0.040350            0.001194            0.001568            
  0.001587            0.044325            0.001241            0.003382            
  0.001832            0.047782            0.001111            0.003471            
  0.002076            0.051554            0.001329            0.005714            
  0.002320            0.055358            0.001548            0.005282            
  0.002564            0.058790            0.001347            0.005161            
  0.002809            0.061820            0.001325            0.007174            
  0.003052            0.064543            0.001387            0.003168            
  0.003297            0.067937            0.001676            0.006058            
  0.003542            0.072325            0.002501            0.008451            
  0.003788            0.074960            0.002145            0.013073            
  0.004032            0.077441            0.002769            0.013391            
  0.004274            0.081541            0.002396            0.008598            
  0.004518            0.083965            0.003132            0.010145            
  0.004762            0.086969            0.002532            0.009832            
  0.005008            0.089702            0.002970            0.014104            

# Order j             0.614 +- 0.005      0.988 +- 0.104      1.198 +- 0.197      
# Factor K            2.307 +- 0.065      0.557 +- 0.325      7.247 +- 7.962      

  0.000366            0.017483            0.000157            0.001036            
  0.000610            0.024791            0.000524            0.000533            
  0.000855            0.030683            0.000961            0.002324            
  0.001099            0.035703            0.000250            0.002851            
  0.001343            0.039978            0.000977            0.002046            
  0.001587            0.044080            0.000200            0.003526            
  0.001832            0.047921            0.000565            0.004258            
  0.002076            0.051757            0.001515            0.005781            
  0.002320            0.055513            0.001600            0.005500            
  0.002564            0.058162            0.001333            0.004741            
  0.002809            0.062751            0.001919            0.008011            
  0.003052            0.065822            0.002326            0.004855            
  0.003297            0.069009            0.002143            0.007288            
  0.003542            0.071330            0.002369            0.009631            
  0.003788            0.075180            0.001864            0.013449            
  0.004032            0.078158            0.002881            0.014222            
  0.004274            0.081219            0.004201            0.009021            
  0.004518            0.083444            0.002664            0.010746            
  0.004762            0.086600            0.002369            0.010126            
  0.005008            0.089371            0.003298            0.014672            

# Order j             0.613 +- 0.003      1.108 +- 0.189      1.143 +- 0.169      
# Factor K            2.287 +- 0.042      1.184 +- 1.249      5.691 +- 5.362      

# Order j             0.612 +- 0.001      1.170 +- 0.027      1.158 +- 0.026      
# Factor K            2.267 +- 0.011      1.793 +- 0.275      6.058 +- 0.879      

# Order j             0.612 +- 0.001      1.170 +- 0.027      1.158 +- 0.026      
# Factor K            2.267 +- 0.011      1.793 +- 0.275      6.058 +- 0.879      

