# Domain Analysis with parameters:
#   scheme              : milstein
##
# dt                  % leftDomain       
  0.002000            0.000000            
  0.007500            0.000000            
  0.007500            0.000000            
  0.007500            0.000000            
  0.007500            0.000000            
  0.007500            0.000000            
  0.010000            0.020000            
  0.010000            0.050000            
  0.010000            0.040000            
  0.010000            0.020000            
  0.010000            0.030000            
  0.012500            0.590000            
  0.012500            0.650000            
  0.005500            0.000000            
  0.005500            0.000000            
  0.005500            0.000000            
  0.005500            0.000000            
  0.005500            0.000000            
  0.006000            0.000000            
  0.006000            0.000000            
  0.006000            0.000000            
  0.006000            0.000000            
  0.006000            0.000000            
  0.006500            0.000000            
  0.006500            0.000000            
  0.006500            0.000000            
  0.006500            0.000000            
  0.006500            0.000000            
  0.007000            0.000000            
  0.007000            0.000000            
  0.007000            0.000000            
  0.007000            0.000000            
  0.007000            0.000000            
  0.007500            0.000000            
  0.007500            0.000000            
  0.007500            0.000000            
  0.007500            0.000000            
  0.007500            0.000000            
  0.008000            0.000000            
  0.008000            0.000000            
  0.008000            0.000000            
  0.008000            0.000000            
  0.008000            0.000000            
  0.008500            0.000000            
  0.008500            0.010000            
  0.008500            0.000000            
  0.008500            0.000000            
  0.008500            0.000000            
  0.009000            0.000000            
  0.009000            0.010000            
  0.009000            0.030000            
  0.009000            0.000000            
  0.009000            0.010000            
  0.009500            0.020000            
  0.009500            0.010000            
  0.009500            0.030000            
  0.009500            0.030000            
  0.009500            0.010000            
  0.010000            0.050000            
  0.010000            0.050000            
  0.010000            0.040000            
  0.010000            0.050000            
  0.005500            0.000000            
  0.005500            0.000000            
  0.005500            0.000000            
  0.005500            0.000000            
  0.005500            0.000000            
  0.006000            0.000000            
  0.006000            0.000000            
  0.006000            0.000000            
  0.006000            0.000000            
  0.006000            0.000000            
  0.006500            0.000000            
  0.006500            0.000000            
  0.006500            0.000000            
  0.006500            0.000000            
  0.006500            0.000000            
  0.007000            0.000000            
  0.007000            0.000000            
  0.007000            0.000000            
  0.007000            0.000000            
  0.007000            0.000000            
  0.007500            0.000000            
  0.007500            0.000000            
  0.007500            0.000000            
  0.007500            0.000000            
  0.007500            0.000000            
  0.008000            0.000000            
  0.008000            0.000000            
  0.008000            0.000000            
  0.008000            0.000000            
  0.008000            0.000000            
  0.008500            0.000000            
  0.008500            0.000000            
  0.008500            0.000000            
  0.008500            0.000000            
  0.008500            0.000000            
  0.009000            0.000000            
  0.009000            0.000000            
  0.009000            0.010000            
  0.009000            0.000000            
  0.009000            0.000000            
  0.009500            0.020000            
  0.009500            0.000000            
  0.009500            0.000000            
  0.009500            0.010000            
  0.010000            0.030000            
  0.010000            0.010000            
  0.010000            0.040000            
  0.010000            0.040000            
  0.010000            0.070000            
  0.005500            0.000000            
  0.005500            0.000000            
  0.005500            0.000000            
  0.005500            0.000000            
  0.005500            0.000000            
  0.005500            0.000000            
  0.006000            0.000000            
  0.006000            0.000000            
  0.006000            0.000000            
  0.006000            0.000000            
  0.006000            0.000000            
  0.006000            0.000000            
  0.006500            0.000000            
  0.006500            0.000000            
  0.006500            0.000000            
  0.006500            0.000000            
  0.006500            0.000000            
  0.006500            0.000000            
  0.007000            0.000000            
  0.007000            0.000000            
  0.007000            0.000000            
  0.007000            0.000000            
  0.007000            0.000000            
  0.007000            0.000000            
  0.007500            0.000000            
  0.007500            0.010000            
  0.007500            0.000000            
  0.007500            0.000000            
  0.007500            0.000000            
  0.007500            0.000000            
  0.008000            0.000000            
  0.008000            0.000000            
  0.008000            0.000000            
  0.008000            0.010000            
  0.008000            0.000000            
  0.008500            0.010000            
  0.008500            0.000000            
  0.008500            0.000000            
  0.008500            0.000000            
  0.008500            0.000000            
  0.008500            0.000000            
  0.009000            0.010000            
  0.009000            0.010000            
  0.009000            0.020000            
  0.009000            0.000000            
  0.009000            0.010000            
  0.009000            0.010000            
  0.009500            0.020000            
  0.009500            0.020000            
  0.009500            0.000000            
  0.009500            0.020000            
  0.009500            0.010000            
  0.009500            0.010000            
  0.010000            0.060000            
  0.010000            0.030000            
  0.010000            0.030000            
  0.010000            0.060000            
  0.010000            0.000000            
  0.010000            0.050000            
  0.010500            0.080000            
  0.010500            0.090000            
  0.010500            0.060000            
  0.010500            0.090000            
  0.011000            0.120000            
  0.011000            0.140000            
  0.011500            0.250000            
  0.011500            0.270000            
  0.012000            0.440000            
  0.012500            0.630000            
  0.010250            0.050000            
  0.010250            0.070000            
  0.010250            0.120000            
  0.010250            0.030000            
  0.010250            0.030000            
  0.010500            0.090000            
  0.010500            0.110000            
  0.010500            0.040000            
  0.010500            0.090000            
  0.010500            0.050000            
  0.010750            0.070000            
  0.010750            0.120000            
  0.010750            0.060000            
  0.011000            0.160000            
  0.011000            0.110000            
  0.011000            0.140000            
  0.011000            0.100000            
  0.011000            0.070000            
  0.011000            0.190000            
  0.011250            0.220000            
  0.011250            0.120000            
  0.011250            0.160000            
  0.011250            0.200000            
  0.011250            0.110000            
  0.011500            0.270000            
  0.011500            0.280000            
  0.011750            0.240000            
  0.011750            0.190000            
  0.011750            0.300000            
  0.011750            0.300000            
  0.011750            0.320000            
  0.011750            0.300000            
  0.012000            0.310000            
  0.012000            0.340000            
  0.012000            0.480000            
  0.012000            0.320000            
  0.012250            0.490000            
  0.012250            0.410000            
  0.012500            0.460000            
  0.013000            0.810000            
  0.009750            0.020000            
  0.009750            0.020000            
  0.009750            0.020000            
  0.009750            0.070000            
  0.009750            0.020000            
  0.009750            0.030000            
  0.010000            0.050000            
  0.010000            0.060000            
  0.010000            0.080000            
  0.010000            0.020000            
  0.010000            0.020000            
  0.010000            0.060000            
  0.010250            0.060000            
  0.010250            0.060000            
  0.010250            0.080000            
  0.010250            0.010000            
  0.010250            0.020000            
  0.010250            0.090000            
  0.010500            0.060000            
  0.010500            0.090000            
  0.010500            0.050000            
  0.010500            0.100000            
  0.010500            0.090000            
  0.010500            0.090000            
  0.010750            0.160000            
  0.010750            0.090000            
  0.010750            0.080000            
  0.010750            0.070000            
  0.011000            0.120000            
  0.011000            0.100000            
  0.011000            0.140000            
  0.011000            0.080000            
  0.011000            0.170000            
  0.011000            0.110000            
  0.011250            0.140000            
  0.011250            0.160000            
  0.011250            0.210000            
  0.011250            0.120000            
  0.011250            0.210000            
  0.011500            0.170000            
  0.011750            0.320000            
  0.011750            0.310000            
  0.011750            0.220000            
  0.012000            0.510000            
  0.012250            0.400000            
  0.012500            0.670000            
  0.012150            0.370000            
  0.012300            0.550000            
  0.012300            0.370000            
  0.012450            0.590000            
  0.012600            0.570000            
  0.012900            0.870000            
  0.013200            1.120000            
  0.012025            0.360000            
  0.012025            0.370000            
  0.012075            0.530000            
  0.012075            0.420000            
  0.012075            0.410000            
  0.012125            0.440000            
  0.012150            0.330000            
  0.012175            0.400000            
  0.012225            0.480000            
  0.012250            0.330000            
  0.012250            0.410000            
  0.012275            0.550000            
  0.012300            0.580000            
  0.012325            0.460000            
  0.012350            0.610000            
  0.012350            0.400000            
