  0.003000            0.000000            
  0.003000            0.010000            
  0.003000            0.000000            
  0.003000            0.000000            
  0.003000            0.000000            
  0.003000            0.000000            
  0.003500            0.000000            
  0.003500            0.000000            
  0.003500            0.000000            
  0.003500            0.010000            
  0.003500            0.010000            
  0.003500            0.000000            
  0.004000            0.000000            
  0.004000            0.000000            
  0.004000            0.020000            
  0.004000            0.020000            
  0.004000            0.000000            
  0.004000            0.000000            
  0.004500            0.070000            
  0.004500            0.010000            
  0.004500            0.070000            
  0.004500            0.040000            
  0.004500            0.060000            
  0.004500            0.040000            
  0.005000            0.150000            
  0.005000            0.160000            
  0.005000            0.200000            
  0.005000            0.160000            
  0.005000            0.140000            
  0.005000            0.180000            
  0.005500            0.360000            
  0.005500            0.340000            
  0.005500            0.460000            
  0.005500            0.440000            
  0.005500            0.380000            
  0.006000            0.960000            
  0.006000            1.130000            
  0.006000            0.970000            
  0.006000            1.020000            
  0.002750            0.000000            
  0.002750            0.000000            
  0.002750            0.000000            
  0.002750            0.000000            
  0.002750            0.000000            
  0.002750            0.000000            
  0.003000            0.000000            
  0.003000            0.000000            
  0.003000            0.000000            
  0.003000            0.000000            
  0.003000            0.000000            
  0.003000            0.000000            
  0.003250            0.000000            
  0.003250            0.000000            
  0.003250            0.000000            
  0.003250            0.000000            
  0.003250            0.000000            
  0.003250            0.000000            
  0.003500            0.000000            
  0.003500            0.000000            
  0.003500            0.000000            
  0.003500            0.000000            
  0.003500            0.000000            
  0.003500            0.000000            
  0.003750            0.000000            
  0.003750            0.000000            
  0.003750            0.000000            
  0.003750            0.010000            
  0.003750            0.000000            
  0.003750            0.000000            
  0.004000            0.000000            
  0.004000            0.000000            
  0.004000            0.030000            
  0.004000            0.000000            
  0.004000            0.000000            
  0.004000            0.010000            
  0.004250            0.020000            
  0.004250            0.020000            
  0.004250            0.030000            
  0.004250            0.010000            
  0.004250            0.050000            
  0.004250            0.030000            
  0.004500            0.030000            
  0.004500            0.040000            
  0.004500            0.040000            
  0.004500            0.030000            
  0.004500            0.090000            
  0.004500            0.010000            
  0.004750            0.050000            
  0.004750            0.070000            
  0.004750            0.080000            
  0.004750            0.070000            
  0.004750            0.150000            
  0.004750            0.070000            
  0.005000            0.140000            
  0.005000            0.140000            
  0.005000            0.120000            
  0.005000            0.100000            
  0.005000            0.180000            
  0.005000            0.110000            
  0.005250            0.370000            
  0.005250            0.270000            
  0.005250            0.330000            
  0.005250            0.250000            
  0.005250            0.210000            
  0.005250            0.380000            
  0.005500            0.430000            
  0.005500            0.440000            
  0.005500            0.420000            
  0.005500            0.330000            
  0.005750            0.630000            
  0.005750            0.690000            
  0.005750            0.710000            
  0.006250            1.340000            
